0.008403, 24.922828;
0.033604, 24.906021;
0.075550, 24.872421;
0.134136, 24.822088;
0.209208, 24.755132;
0.300564, 24.671709;
0.407948, 24.572023;
0.531062, 24.456320;
0.669558, 24.324890;
0.823048, 24.178066;
0.991100, 24.016215;
1.173249, 23.839744;
1.368990, 23.649089;
1.577794, 23.444716;
1.799102, 23.227115;
2.032335, 22.996797;
2.276897, 22.754287;
2.532179, 22.500123;
2.797564, 22.234849;
3.072432, 21.959013;
3.356163, 21.673159;
3.648140, 21.377830;
3.947753, 21.073555;
4.254401, 20.760859;
4.567493, 20.440248;
4.886451, 20.112218;
5.210707, 19.777249;
5.539709, 19.435807;
5.872912, 19.088344;
6.209787, 18.735298;
6.549811, 18.377097;
6.892471, 18.014159;
7.237261, 17.646893;
7.583680, 17.275704;
7.931233, 16.900992;
8.279424, 16.523159;
8.627762, 16.142604;
8.975754, 15.759730;
9.322909, 15.374945;
9.668734, 14.988662;
10.012735, 14.601298;
10.354417, 14.213281;
10.693288, 13.825043;
11.028853, 13.437025;
11.360621, 13.049672;
11.688107, 12.663436;
12.010827, 12.278774;
12.328311, 11.896141;
12.640094, 11.515995;
12.945730, 11.138790;
13.244785, 10.764973;
13.536849, 10.394981;
13.821532, 10.029243;
14.098471, 9.668167;
14.367329, 9.312146;
14.627804, 8.961552;
14.879622, 8.616732;
15.122545, 8.278010;
15.356368, 7.945683;
15.580919, 7.620023;
15.796060, 7.301278;
16.001682, 6.989672;
16.197702, 6.685410;
16.384064, 6.388680;
16.560727, 6.099659;
16.727668, 5.818513;
16.884871, 5.545411;
17.032324, 5.280520;
17.170014, 5.024018;
17.297920, 4.776098;
17.416008, 4.536968;
17.524229, 4.306861;
17.622513, 4.086032;
17.710768, 3.874763;
17.788877, 3.673364;
17.856700, 3.482168;
17.914076, 3.301529;
17.960825, 3.131815;
17.996752, 2.973404;
18.021661, 2.826669;
18.035355, 2.691968;
18.037656, 2.569633;
18.028410, 2.459953;
18.007503, 2.363161;
17.974874, 2.279420;
17.930526, 2.208812;
17.874533, 2.151333;
17.807052, 2.106880;
17.728324, 2.075260;
17.638670, 2.056190;
17.538491, 2.049306;
17.428254, 2.054175;
17.308479, 2.070314;
17.179728, 2.097205;
17.042581, 2.134314;
16.897621, 2.181109;
16.745414, 2.237079;
16.586494, 2.301749;
16.421345, 2.374693;
16.250388, 2.455549;
16.073972, 2.544026;
15.892357, 2.639910;
15.705718, 2.743073;
15.514131, 2.853473;
15.317578, 2.971153;
15.115943, 3.096241;
14.909020, 3.228944;
14.696516, 3.369537;
14.478065, 3.518351;
14.253243, 3.675762;
14.021584, 3.842161;
13.782606, 4.017939;
13.535839, 4.203451;
13.280857, 4.398995;
13.017309, 4.604772;
12.744957, 4.820865;
12.463702, 5.047214;
12.173614, 5.283598;
11.874942, 5.529628;
11.568126, 5.784753;
11.253784, 6.048271;
10.932695, 6.319352;
10.605772, 6.597067;
10.274029, 6.880418;
9.938544, 7.168369;
9.600424, 7.459879;
9.260776, 7.753920;
8.920676, 8.049506;
8.581153, 8.345701;
8.243168, 8.641636;
7.907607, 8.936512;
7.575274, 9.229604;
7.246888, 9.520261;
6.923084, 9.807907;
6.604416, 10.092034;
6.291359, 10.372203;
5.984316, 10.648031;
5.683624, 10.919196;
5.389561, 11.185421;
5.102353, 11.446473;
4.822179, 11.702158;
4.549183, 11.952310;
4.283478, 12.196789;
4.025154, 12.435472;
3.774288, 12.668249;
3.530946, 12.895013;
3.295193, 13.115662;
3.067097, 13.330087;
2.846734, 13.538169;
2.634193, 13.739779;
2.429577, 13.934772;
2.233003, 14.122987;
2.044608, 14.304246;
1.864542, 14.478353;
1.692970, 14.645098;
1.530068, 14.804258;
1.376019, 14.955600;
1.231009, 15.098885;
1.095223, 15.233874;
0.968841, 15.360328;
0.852030, 15.478019;
0.744945, 15.586729;
0.647719, 15.686259;
0.560463, 15.776428;
0.483260, 15.857081;
0.416168, 15.928092;
0.359208, 15.989361;
0.312374, 16.040823;
0.275621, 16.082446;
0.248873, 16.114231;
0.232018, 16.136216;
0.224912, 16.148470;
0.227378, 16.151100;
0.239208, 16.144242;
0.260165, 16.128065;
0.289989, 16.102764;
0.328393, 16.068562;
0.375077, 16.025703;
0.429720, 15.974451;
0.491995, 15.915083;
0.561567, 15.847888;
0.638100, 15.773161;
0.721263, 15.691195;
0.810732, 15.602281;
0.906197, 15.506701;
1.007365, 15.404723;
1.113963, 15.296596;
1.225744, 15.182549;
1.342485, 15.062786;
1.463992, 14.937483;
1.590098, 14.806789;
1.720665, 14.670821;
1.855579, 14.529672;
1.994754, 14.383404;
2.138122, 14.232056;
2.285635, 14.075645;
2.437259, 13.914170;
2.592970, 13.747613;
2.752750, 13.575949;
2.916583, 13.399147;
3.084450, 13.217175;
3.256324, 13.030005;
3.432166, 12.837619;
3.611925, 12.640012;
3.795527, 12.437194;
3.982878, 12.229199;
4.173859, 12.016087;
4.368322, 11.797944;
4.566088, 11.574889;
4.766945, 11.347076;
4.970646, 11.114695;
5.176907, 10.877978;
5.385406, 10.637196;
5.595781, 10.392665;
5.807633, 10.144743;
6.020521, 9.893837;
6.233965, 9.640397;
6.447448, 9.384917;
6.660419, 9.127936;
6.872294, 8.870036;
7.082463, 8.611834;
7.290293, 8.353982;
7.495137, 8.097161;
7.696345, 7.842069;
7.893268, 7.589417;
8.085276, 7.339918;
8.271763, 7.094270;
8.452167, 6.853150;
8.625977, 6.617195;
8.792747, 6.386994;
8.952106, 6.163068;
9.103768, 5.945868;
9.247536, 5.735758;
9.383305, 5.533013;
9.511061, 5.337820;
9.630876, 5.150271;
9.742903, 4.970378;
9.847360, 4.798074;
9.944523, 4.633229;
10.034708, 4.475659;
10.118259, 4.325145;
10.195532, 4.181443;
10.266883, 4.044300;
10.332655, 3.913466;
10.393167, 3.788703;
10.448707, 3.669798;
10.499525, 3.556565;
10.545828, 3.448851;
10.587776, 3.346539;
10.625487, 3.249546;
10.659033, 3.157824;
10.688446, 3.071355;
10.713721, 2.990146;
10.734823, 2.914223;
10.751693, 2.843628;
10.764257, 2.778408;
10.772429, 2.718611;
10.776125, 2.664278;
10.775264, 2.615441;
10.769777, 2.572112;
10.759615, 2.534286;
10.744744, 2.501934;
10.725157, 2.475003;
10.700869, 2.453420;
10.671918, 2.437085;
10.638361, 2.425885;
10.600274, 2.419688;
10.557743, 2.418352;
10.510863, 2.421729;
10.459730, 2.429671;
10.404434, 2.442033;
10.345055, 2.458684;
10.281656, 2.479507;
10.214277, 2.504408;
10.142929, 2.533319;
10.067591, 2.566207;
9.988203, 2.603073;
9.904666, 2.643960;
9.816837, 2.688954;
9.724529, 2.738191;
9.627510, 2.791852;
9.525505, 2.850168;
9.418203, 2.913417;
9.305255, 2.981922;
9.186288, 3.056045;
9.060913, 3.136180;
8.928740, 3.222742;
8.789388, 3.316154;
8.642511, 3.416829;
8.487811, 3.525154;
8.325063, 3.641463;
8.154132, 3.766021;
7.974994, 3.898997;
7.787750, 4.040446;
7.592636, 4.190294;
7.390025, 4.348324;
7.180428, 4.514177;
6.964484, 4.687352;
6.742942, 4.867222;
6.516643, 5.053045;
6.286501, 5.243991;
6.053476, 5.439166;
5.818553, 5.637632;
5.582721, 5.838433;
5.346958, 6.040619;
5.112210, 6.243257;
4.879384, 6.445452;
4.649338, 6.646355;
4.422870, 6.845173;
4.200720, 7.041172;
3.983562, 7.233684;
3.772000, 7.422105;
3.566575, 7.605903;
3.367757, 7.784609;
3.175946, 7.957825;
2.991477, 8.125215;
2.814616, 8.286512;
2.645561, 8.441510;
2.484444, 8.590066;
2.331333, 8.732100;
2.186230, 8.867588;
2.049075, 8.996565;
1.919749, 9.119122;
1.798074, 9.235398;
1.683819, 9.345586;
1.576704, 9.449917;
1.476406, 9.548665;
1.382566, 9.642132;
1.294801, 9.730643;
1.212711, 9.814535;
1.135894, 9.894145;
1.063958, 9.969798;
0.996536, 10.041793;
0.933302, 10.110386;
0.873979, 10.175782;
0.818360, 10.238117;
0.766305, 10.297457;
0.717758, 10.353786;
0.672739, 10.407010;
0.631342, 10.456956;
0.593730, 10.503388;
0.560119, 10.546012;
0.530768, 10.584491;
0.505959, 10.618466;
0.485985, 10.647565;
0.471131, 10.671425;
0.461666, 10.689700;
0.457827, 10.702075;
0.459812, 10.708276;
0.467774, 10.708075;
0.481815, 10.701296;
0.501985, 10.687816;
0.528282, 10.667568;
0.560652, 10.640539;
0.598989, 10.606766;
0.643145, 10.566338;
0.692930, 10.519386;
0.748116, 10.466083;
0.808448, 10.406636;
0.873646, 10.341279;
0.943415, 10.270271;
1.017449, 10.193885;
1.095441, 10.112401;
1.177088, 10.026105;
1.262098, 9.935273;
1.350196, 9.840175;
1.441131, 9.741063;
1.534675, 9.638165;
1.630632, 9.531689;
1.728837, 9.421810;
1.829158, 9.308676;
1.931494, 9.192404;
2.035774, 9.073083;
2.141956, 8.950771;
2.250019, 8.825506;
2.359966, 8.697300;
2.471810, 8.566152;
2.585576, 8.432048;
2.701292, 8.294970;
2.818981, 8.154900;
2.938663, 8.011823;
3.060340, 7.865739;
3.183998, 7.716665;
3.309597, 7.564639;
3.437068, 7.409730;
3.566310, 7.252039;
3.697183, 7.091705;
3.829504, 6.928911;
3.963045, 6.763884;
4.097531, 6.596903;
4.232634, 6.428300;
4.367973, 6.258464;
4.503113, 6.087839;
4.637563, 5.916932;
4.770781, 5.746306;
4.902172, 5.576581;
5.031098, 5.408434;
5.156878, 5.242587;
5.278805, 5.079805;
5.396155, 4.920879;
5.508200, 4.766618;
5.614232, 4.617824;
5.713581, 4.475274;
5.805643, 4.339697;
5.889896, 4.211740;
5.965935, 4.091949;
6.033485, 3.980735;
6.092426, 3.878358;
6.142798, 3.784904;
6.184812, 3.700281;
6.218842, 3.624214;
6.245412, 3.556260;
6.265183, 3.495823;
6.278922, 3.442180;
6.287479, 3.394509;
6.291753, 3.351928;
6.292668, 3.313518;
6.291142, 3.278362;
6.288064, 3.245564;
6.284277, 3.214277;
6.280557, 3.183718;
6.277600, 3.153184;
6.276014, 3.122061;
6.276311, 3.089830;
6.278901, 3.056076;
6.284086, 3.020486;
6.292061, 2.982853;
6.302913, 2.943077;
6.316617, 2.901159;
6.333040, 2.857207;
6.351942, 2.811427;
6.372979, 2.764123;
6.395707, 2.715692;
6.419587, 2.666618;
6.443995, 2.617467;
6.468229, 2.568873;
6.491525, 2.521535;
6.513069, 2.476197;
6.532018, 2.433635;
6.547519, 2.394638;
6.558731, 2.359990;
6.564854, 2.330444;
6.565150, 2.306700;
6.558967, 2.289386;
6.545764, 2.279034;
6.525124, 2.276063;
6.496767, 2.280768;
6.460554, 2.293312;
6.416488, 2.313725;
6.364701, 2.341914;
6.305439, 2.377670;
6.239049, 2.420684;
6.165951, 2.470572;
6.086620, 2.526892;
6.001561, 2.589163;
5.911288, 2.656892;
5.816309, 2.729586;
5.717111, 2.806772;
5.614141, 2.888006;
5.507808, 2.972884;
5.398467, 3.061052;
5.286421, 3.152204;
5.171922, 3.246087;
5.055166, 3.342502;
4.936305, 3.441293;
4.815446, 3.542353;
4.692660, 3.645605;
4.567996, 3.751006;
4.441482, 3.858526;
4.313143, 3.968147;
4.183010, 4.079847;
4.051132, 4.193589;
3.917584, 4.309311;
3.782484, 4.426917;
3.645992, 4.546267;
3.508326, 4.667169;
3.369757, 4.789380;
3.230617, 4.912597;
3.091293, 5.036464;
2.952223, 5.160573;
2.813892, 5.284471;
2.676820, 5.407666;
2.541554, 5.529641;
2.408654, 5.649857;
2.278687, 5.767772;
2.152212, 5.882844;
2.029774, 5.994547;
1.911888, 6.102373;
1.799038, 6.205847;
1.691665, 6.304531;
1.590161, 6.398029;
1.494866, 6.485996;
1.406060, 6.568137;
1.323962, 6.644218;
1.248723, 6.714062;
1.180429, 6.777557;
1.119091, 6.834657;
1.064648, 6.885384;
1.016966, 6.929829;
0.975831, 6.968158;
0.940957, 7.000607;
0.911976, 7.027488;
0.888449, 7.049189;
0.869863, 7.066169;
0.855633, 7.078960;
0.845116, 7.088162;
0.837611, 7.094437;
0.832380, 7.098495;
0.828656, 7.101089;
0.825669, 7.102989;
0.822663, 7.104966;
0.818929, 7.107765;
0.813827, 7.112071;
0.806820, 7.118483;
0.797495, 7.127482;
0.785592, 7.139397;
0.771011, 7.154392;
0.753825, 7.172445;
0.734270, 7.193353;
0.712739, 7.216735;
0.689757, 7.242056;
0.665954, 7.268651;
0.642038, 7.295759;
0.618766, 7.322556;
0.596912, 7.348188;
0.577247, 7.371797;
0.560518, 7.392550;
0.547428, 7.409652;
0.538630, 7.422368;
0.534712, 7.430024;
0.536197, 7.432025;
0.543535, 7.427848;
0.557101, 7.417050;
0.577199, 7.399268;
0.604054, 7.374216;
0.637820, 7.341687;
0.678575, 7.301548;
0.726324, 7.253743;
0.781001, 7.198287;
0.842464, 7.135268;
0.910504, 7.064845;
0.984839, 6.987244;
1.065119, 6.902764;
1.150926, 6.811768;
1.241774, 6.714687;
1.337116, 6.612019;
1.436343, 6.504321;
1.538794, 6.392215;
1.643755, 6.276377;
1.750476, 6.157534;
1.858175, 6.036459;
1.966056, 5.913959;
2.073321, 5.790862;
2.179191, 5.668007;
2.282926, 5.546220;
2.383846, 5.426299;
2.481355, 5.308988;
2.574961, 5.194952;
2.664296, 5.084759;
2.749124, 4.978853;
2.829354, 4.877541;
2.905035, 4.780980;
2.976346, 4.689178;
3.043584, 4.601995;
3.107140, 4.519162;
3.167472, 4.440301;
3.225081, 4.364949;
3.280483, 4.292591;
3.334182, 4.222686;
3.386653, 4.154697;
3.438318, 4.088115;
3.489538, 4.022481;
3.540595, 3.957402;
3.591690, 3.892563;
3.642934, 3.827741;
3.694348, 3.762805;
3.745861, 3.697724;
3.797310, 3.632563;
3.848446, 3.567488;
3.898938, 3.502755;
3.948378, 3.438709;
3.996295, 3.375773;
4.042165, 3.314437;
4.085428, 3.255243;
4.125505, 3.198768;
4.161826, 3.145599;
4.193850, 3.096313;
4.221096, 3.051442;
4.243171, 3.011450;
4.259798, 2.976697;
4.270839, 2.947415;
4.276316, 2.923684;
4.276422, 2.905413;
4.271519, 2.892339;
4.262132, 2.884026;
4.248930, 2.879881;
4.232699, 2.879179;
4.214312, 2.881091;
4.194689, 2.884721;
4.174773, 2.889142;
4.155485, 2.893426;
4.137707, 2.896678;
4.122250, 2.898062;
4.109839, 2.896821;
4.101096, 2.892294;
4.096530, 2.883926;
4.096527, 2.871281;
4.101345, 2.854044;
4.111111, 2.832027;
4.125814, 2.805173;
4.145305, 2.773555;
4.169292, 2.737385;
4.197340, 2.697009;
4.228867, 2.652912;
4.263142, 2.605721;
4.299287, 2.556208;
4.336275, 2.505285;
4.372936, 2.454010;
4.407963, 2.403581;
4.439925, 2.355324;
4.467291, 2.310688;
4.488459, 2.271216;
4.501796, 2.238513;
4.505698, 2.214207;
4.498654, 2.199882;
4.479325, 2.197015;
4.446628, 2.206887;
4.399814, 2.230505;
4.338534, 2.268517;
4.262883, 2.321152;
4.173407, 2.388186;
4.071079, 2.468940;
3.957242, 2.562318;
3.833525, 2.666873;
3.701754, 2.780895;
3.563861, 2.902503;
3.421800, 3.029742;
3.277482, 3.160652;
3.132722, 3.293342;
2.989208, 3.426026;
2.848477, 3.557061;
2.711908, 3.684958;
2.580712, 3.808398;
2.455938, 3.926229;
2.338472, 4.037466;
2.229045, 4.141290;
2.128237, 4.237040;
2.036478, 4.324209;
1.954052, 4.402445;
1.881101, 4.471539;
1.817624, 4.531434;
1.763474, 4.582216;
1.718361, 4.624120;
1.681847, 4.657529;
1.653346, 4.682975;
1.632121, 4.701142;
1.617287, 4.712865;
1.607814, 4.719124;
1.602540, 4.721045;
1.600179, 4.719877;
1.599355, 4.716980;
1.598629, 4.713787;
1.596549, 4.711768;
1.591705, 4.712369;
1.582797, 4.716954;
1.568699, 4.726731;
1.548529, 4.742685;
1.521702, 4.765515;
1.487963, 4.795593;
1.447398, 4.832944;
1.400420, 4.877257;
1.347725, 4.927917;
1.290241, 4.984062;
1.229060, 5.044644;
1.165372, 5.108494;
1.100409, 5.174390;
1.035393, 5.241106;
0.971497, 5.307454;
0.909816, 5.372317;
0.851347, 5.434670;
0.796975, 5.493593;
0.747466, 5.548283;
0.703464, 5.598052;
0.665490, 5.642332;
0.633940, 5.680674;
0.609088, 5.712746;
0.591088, 5.738328;
0.579976, 5.757315;
0.575669, 5.769709;
0.577972, 5.775621;
0.586576, 5.775267;
0.601064, 5.768961;
0.620916, 5.757121;
0.645511, 5.740252;
0.674141, 5.718948;
0.706018, 5.693881;
0.740291, 5.665785;
0.776065, 5.635445;
0.812424, 5.603677;
0.848458, 5.571299;
0.883299, 5.539110;
0.916148, 5.507857;
0.946318, 5.478202;
0.973260, 5.450691;
0.996595, 5.425728;
1.016133, 5.403550;
1.031885, 5.384216;
1.044057, 5.367598;
1.053048, 5.353391;
1.059421, 5.341126;
1.063877, 5.330195;
1.067224, 5.319874;
1.070343, 5.309361;
1.074150, 5.297804;
1.079573, 5.284327;
1.087520, 5.268063;
1.098859, 5.248175;
1.114399, 5.223872;
1.134877, 5.194427;
1.160944, 5.159188;
1.193160, 5.117589;
1.231984, 5.069157;
1.277768, 5.013516;
1.330754, 4.950399;
1.391065, 4.879644;
1.458704, 4.801211;
1.533541, 4.715179;
1.615311, 4.621758;
1.703604, 4.521300;
1.797855, 4.414305;
1.897332, 4.301433;
2.001131, 4.183523;
2.108159, 4.061599;
2.217133, 3.936893;
2.326572, 3.810846;
2.434802, 3.685128;
2.539972, 3.561627;
2.640085, 3.442437;
2.733053, 3.329824;
2.816773, 3.226154;
2.889240, 3.133791;
2.948672, 3.054957;
2.993656, 2.991558;
3.023282, 2.944998;
3.037243, 2.916023;
3.035882, 2.904620;
3.020165, 2.910001;
2.991593, 2.930695;
2.952066, 2.964697;
2.903730, 3.009661;
2.848829, 3.063086;
2.789592, 3.122472;
2.728141, 3.185428;
2.666440, 3.249745;
2.606264, 3.313433;
2.549190, 3.374729;
2.496595, 3.432096;
2.449670, 3.484213;
2.409422, 3.529956;
2.376695, 3.568385;
2.352173, 3.598724;
2.336398, 3.620352;
2.329770, 3.632787;
2.332560, 3.635678;
2.344911, 3.628801;
2.366842, 3.612047;
2.398249, 3.585425;
2.438903, 3.549059;
2.488448, 3.503187;
2.546400, 3.448167;
2.612138, 3.384478;
2.684901, 3.312729;
2.763780, 3.233664;
2.847708, 3.148173;
2.935458, 3.057298;
3.025631, 2.962248;
3.116660, 2.864403;
3.206807, 2.765326;
3.294177, 2.666758;
3.376741, 2.570617;
3.452374, 2.478974;
3.518921, 2.394018;
3.574280, 2.317994;
3.616515, 2.253109;
3.643987, 2.201412;
3.655488, 2.164649;
3.650359, 2.144111;
3.628575, 2.140497;
3.590760, 2.153823;
3.538139, 2.183407;
3.472427, 2.227927;
3.395686, 2.285550;
3.310163, 2.354104;
3.218146, 2.431247;
3.121854, 2.514623;
3.023354, 2.601977;
2.924514, 2.691235;
2.826978, 2.780545;
2.732164, 2.868298;
2.641264, 2.953130;
2.555259, 3.033908;
2.474931, 3.109721;
2.400877, 3.179863;
2.333520, 3.243816;
2.273120, 3.301238;
2.219783, 3.351950;
2.173466, 3.395926;
2.133984, 3.433287;
2.101012, 3.464294;
2.074088, 3.489344;
2.052615, 3.508967;
2.035864, 3.523822;
2.022979, 3.534695;
2.012985, 3.542494;
2.004795, 3.548242;
1.997228, 3.553064;
1.989034, 3.558169;
1.978924, 3.564829;
1.965611, 3.574341;
1.947868, 3.587980;
1.924583, 3.606945;
1.894832, 3.632293;
1.857947, 3.664864;
1.813574, 3.705215;
1.761722, 3.753559;
1.702775, 3.809728;
1.637487, 3.873167;
1.566937, 3.942955;
1.492464, 4.017862;
1.415587, 4.096421;
1.337921, 4.177020;
1.261098, 4.257984;
1.186703, 4.337649;
1.116222, 4.414428;
1.051008, 4.486852;
0.992256, 4.553601;
0.940996, 4.613518;
0.898082, 4.665623;
0.864198, 4.709109;
0.839858, 4.743344;
0.825407, 4.767864;
0.821028, 4.782372;
0.826743, 4.786732;
0.842409, 4.780969;
0.867725, 4.765267;
0.902223, 4.739970;
0.945267, 4.705588;
0.996045, 4.662797;
1.053565, 4.612450;
1.116647, 4.555582;
1.183918, 4.493420;
1.253808, 4.427387;
1.324557, 4.359108;
1.394221, 4.290411;
1.460696, 4.223309;
1.521763, 4.159984;
1.575147, 4.102739;
1.618606, 4.053926;
1.650048, 4.015851;
1.667669, 3.990642;
1.670098, 3.980097;
1.656534, 3.985519;
1.626846, 4.007581;
1.581612, 4.046224;
1.522087, 4.100641;
1.450099, 4.169332;
1.367905, 4.250236;
1.278016, 4.340904;
1.183040, 4.438678;
1.085550, 4.540854;
0.987989, 4.644808;
0.892606, 4.748081;
0.801430, 4.848432;
0.716258, 4.943857;
0.638656, 5.032593;
0.569979, 5.113112;
0.511379, 5.184102;
0.463827, 5.244450;
0.428126, 5.293228;
0.404927, 5.329672;
0.394740, 5.353168;
0.397941, 5.363243;
0.414785, 5.359552;
0.445402, 5.341873;
0.489804, 5.310102;
0.547884, 5.264249;
0.619410, 5.204442;
0.704023, 5.130926;
0.801229, 5.044068;
0.910385, 4.944367;
1.030690, 4.832464;
1.161169, 4.709155;
1.300651, 4.575405;
1.447753, 4.432372;
1.600851, 4.281431;
1.758061, 4.124193;
1.917211, 3.962544;
2.075825, 3.798663;
2.231113, 3.635055;
2.379979, 3.474559;
2.519066, 3.320348;
2.644841, 3.175884;
2.753738, 3.044831;
2.842382, 2.930892;
2.907861, 2.837566;
2.948041, 2.767835;
2.961851, 2.723816;
2.949461, 2.706460;
2.912294, 2.715379;
2.852867, 2.748878;
2.774494, 2.804171;
2.680936, 2.877728;
2.576085, 2.965650;
2.463719, 3.063993;
2.347350, 3.168998;
2.230140, 3.277225;
2.114876, 3.385619;
2.003979, 3.491517;
1.899529, 3.592638;
1.803296, 3.687045;
1.716773, 3.773113;
1.641205, 3.849494;
1.577616, 3.915085;
1.526831, 3.969003;
1.489487, 4.010563;
1.466051, 4.039261;
1.456823, 4.054761;
1.461941, 4.056890;
1.481382, 4.045631;
1.514958, 4.021121;
1.562313, 3.983658;
1.622911, 3.933701;
1.696026, 3.871884;
1.780733, 3.799022;
1.875885, 3.716127;
1.980109, 3.624422;
2.091781, 3.525353;
2.209024, 3.420607;
2.329700, 3.312113;
2.451421, 3.202046;
2.571573, 3.092808;
2.687370, 2.986988;
2.795940, 2.887297;
2.894443, 2.796461;
2.980226, 2.717083;
3.051007, 2.651478;
3.105048, 2.601490;
3.141307, 2.568339;
3.159521, 2.552510;
3.160205, 2.553729;
3.144574, 2.571008;
3.114395, 2.602771;
3.071813, 2.647012;
3.019176, 2.701470;
2.958889, 2.763776;
2.893300, 2.831576;
2.824624, 2.902621;
2.754892, 2.974822;
2.685935, 3.046277;
2.619369, 3.115291;
2.556604, 3.180373;
2.498846, 3.240235;
2.447111, 3.293783;
2.402232, 3.340108;
2.364869, 3.378479;
2.335514, 3.408337;
2.314496, 3.429291;
2.301981, 3.441117;
2.297972, 3.443757;
2.302302, 3.437331;
2.314630, 3.422137;
2.334426, 3.398666;
2.360964, 3.367615;
2.393304, 3.329905;
2.430282, 3.286698;
2.470492, 3.239414;
2.512283, 3.189745;
2.553758, 3.139666;
2.592789, 3.091421;
2.627052, 3.047499;
2.654099, 3.010564;
2.671451, 2.983351;
2.676743, 2.968509;
2.667895, 2.968404;
2.643293, 2.984898;
2.601966, 3.019151;
2.543699, 3.071478;
2.469071, 3.141311;
2.379393, 3.227275;
2.276576, 3.327340;
2.162952, 3.439038;
2.041082, 3.559665;
1.913601, 3.686465;
1.783093, 3.816758;
1.652008, 3.948031;
1.522613, 4.077977;
1.396970, 4.204524;
1.276930, 4.325830;
1.164139, 4.440274;
1.060045, 4.546445;
0.965914, 4.643119;
0.882840, 4.729249;
0.811759, 4.803945;
0.753455, 4.866462;
0.708574, 4.916191;
0.677626, 4.952647;
0.660988, 4.975466;
0.658908, 4.984398;
0.671507, 4.979307;
0.698768, 4.960172;
0.740539, 4.927092;
0.796521, 4.880288;
0.866258, 4.820117;
0.949121, 4.747082;
1.044291, 4.661852;
1.150738, 4.565282;
1.267190, 4.458439;
1.392106, 4.342641;
1.523634, 4.219490;
1.659573, 4.090926;
1.797333, 3.959275;
1.933898, 3.827300;
2.065804, 3.698254;
2.189150, 3.575900;
2.299664, 3.464489;
2.392842, 3.368661;
2.464216, 3.293214;
2.509725, 3.242724;
2.526199, 3.221017;
2.511841, 3.230584;
2.466579, 3.272112;
2.392136, 3.344306;
2.291769, 3.444106;
2.169777, 3.567204;
2.030946, 3.708659;
1.880080, 3.863442;
1.721693, 4.026804;
1.559844, 4.194466;
1.398089, 4.362691;
1.239490, 4.528277;
1.086662, 4.688506;
0.941828, 4.841085;
0.806872, 4.984088;
0.683390, 5.115897;
0.572732, 5.235159;
0.476035, 5.340741;
0.394252, 5.431703;
0.328175, 5.507270;
0.278449, 5.566813;
0.245587, 5.609829;
0.229978, 5.635936;
0.231894, 5.644855;
0.251494, 5.636412;
0.288824, 5.610530;
0.343815, 5.567229;
0.416281, 5.506625;
0.505913, 5.428937;
0.612271, 5.334489;
0.734770, 5.223719;
0.872671, 5.097193;
1.025057, 4.955619;
1.190813, 4.799863;
1.368599, 4.630980;
1.556813, 4.450241;
1.753552, 4.259172;
1.956559, 4.059609;
2.163173, 3.853750;
2.370261, 3.644234;
2.574160, 3.434219;
2.770628, 3.227479;
2.954831, 3.028486;
3.121399, 2.842472;
3.264611, 2.675403;
3.378748, 2.533810;
3.458663, 2.424360;
3.500508, 2.353110;
3.502458, 2.324475;
3.465186, 2.340199;
3.391824, 2.398776;
3.287417, 2.495698;
3.158065, 2.624424;
3.010080, 2.777607;
2.849393, 2.948081;
2.681240, 3.129435;
2.510072, 3.316217;
2.339594, 3.503921;
2.172858, 3.688876;
2.012373, 3.868107;
1.860201, 4.039206;
1.718041, 4.200221;
1.587302, 4.349567;
1.469150, 4.485953;
1.364552, 4.608333;
1.274305, 4.715860;
1.199061, 4.807857;
1.139344, 4.883791;
1.095558, 4.943257;
1.067999, 4.985965;
1.056857, 5.011727;
1.062221, 5.020458;
1.084075, 5.012164;
1.122295, 4.986948;
1.176650, 4.945010;
1.246789, 4.886646;
1.332235, 4.812261;
1.432373, 4.722371;
1.546439, 4.617617;
1.673497, 4.498778;
1.812428, 4.366787;
1.961899, 4.222757;
2.120340, 4.068000;
2.285913, 3.904064;
2.456474, 3.732764;
2.629538, 3.556230;
2.802245, 3.376953;
2.971327, 3.197831;
3.133096, 3.022224;
3.283467, 2.853978;
3.418029, 2.697435;
3.532210, 2.557367;
3.621547, 2.438814;
3.682083, 2.346773;
3.710845, 2.285722;
3.706330, 2.259002;
3.668830, 2.268199;
3.600486, 2.312738;
3.505005, 2.389879;
3.387139, 2.495155;
3.252088, 2.623080;
3.104990, 2.767878;
2.950585, 2.924025;
2.793040, 3.086571;
2.635907, 3.251259;
2.482155, 3.414527;
2.334229, 3.573444;
2.194130, 3.725626;
2.063484, 3.869148;
1.943603, 4.002469;
1.835537, 4.124367;
1.740114, 4.233887;
1.657967, 4.330298;
1.589563, 4.413063;
1.535214, 4.481815;
1.495094, 4.536339;
1.469237, 4.576557;
1.457551, 4.602524;
1.459808, 4.614419;
1.475647, 4.612548;
1.504566, 4.597344;
1.545916, 4.569371;
1.598891, 4.529333;
1.662514, 4.478081;
1.735630, 4.416628;
1.816884, 4.346164;
1.904714, 4.268067;
1.997330, 4.183929;
2.092710, 4.095568;
2.188593, 4.005043;
2.282483, 3.914669;
2.371678, 3.827012;
2.453312, 3.744868;
2.524444, 3.671218;
2.582183, 3.609132;
2.623860, 3.561631;
2.647238, 3.531483;
2.650743, 3.520952;
2.633672, 3.531531;
2.596320, 3.563714;
2.540003, 3.616863;
2.466948, 3.689229;
2.380066, 3.778134;
2.282682, 3.880250;
2.178262, 3.991930;
2.070189, 4.109492;
1.961611, 4.229433;
1.855354, 4.348569;
1.753889, 4.464092;
1.659330, 4.573587;
1.573460, 4.675016;
1.497756, 4.766683;
1.433424, 4.847206;
1.381431, 4.915472;
1.342526, 4.970614;
1.317267, 5.011975;
1.306031, 5.039095;
1.309032, 5.051687;
1.326325, 5.049628;
1.357807, 5.032952;
1.403221, 5.001846;
1.462149, 4.956647;
1.534006, 4.897852;
1.618028, 4.826120;
1.713259, 4.742288;
1.818534, 4.647383;
1.932462, 4.542643;
2.053398, 4.429539;
2.179425, 4.309805;
2.308332, 4.185463;
2.437590, 4.058855;
2.564344, 3.932674;
2.685419, 3.809979;
2.797350, 3.694202;
2.896452, 3.589117;
2.978947, 3.498762;
3.041162, 3.427281;
3.079788, 3.378684;
3.092205, 3.356501;
3.076809, 3.363371;
3.033283, 3.400639;
2.962714, 3.468070;
2.867532, 3.563790;
2.751238, 3.684490;
2.618026, 3.825841;
2.472376, 3.982987;
2.318706, 4.150997;
2.161140, 4.325193;
2.003375, 4.501342;
1.848632, 4.675738;
1.699671, 4.845208;
1.558823, 5.007073;
1.428043, 5.159098;
1.308966, 5.299426;
1.202951, 5.426525;
1.111122, 5.539138;
1.034409, 5.636242;
0.973571, 5.717011;
0.929217, 5.780788;
0.901828, 5.827065;
0.891764, 5.855466;
0.899272, 5.865729;
0.924495, 5.857705;
0.967471, 5.831342;
1.028129, 5.786691;
1.106293, 5.723899;
1.201667, 5.643215;
1.313835, 5.544989;
1.442243, 5.429687;
1.586188, 5.297894;
1.744800, 5.150332;
1.917017, 4.987878;
2.101561, 4.811585;
2.296903, 4.622712;
2.501221, 4.422761;
2.712354, 4.213522;
2.927742, 3.997129;
3.144357, 3.776135;
3.358632, 3.553588;
3.566378, 3.333141;
3.762723, 3.119153;
3.942079, 2.916805;
4.098193, 2.732177;
4.224342, 2.572244;
4.313760, 2.444690;
4.360335, 2.357405;
4.359574, 2.317562;
4.309600, 2.330274;
4.211832, 2.397205;
4.070954, 2.515782;
3.894101, 2.679564;
3.689586, 2.879663;
3.465723, 3.106451;
3.230043, 3.350871;
2.988959, 3.605091;
2.747743, 3.862663;
2.510643, 4.118411;
2.281068, 4.368227;
2.061747, 4.608860;
1.854882, 4.837728;
1.662261, 5.052773;
1.485348, 5.252346;
1.325350, 5.435123;
1.183265, 5.600033;
1.059926, 5.746218;
0.956019, 5.872986;
0.872111, 5.979791;
0.808657, 6.066210;
0.766015, 6.131924;
0.744445, 6.176713;
0.744117, 6.200442;
0.765110, 6.203060;
0.807409, 6.184595;
0.870902, 6.145155;
0.955375, 6.084926;
1.060506, 6.004180;
1.185853, 5.903274;
1.330844, 5.782664;
1.494762, 5.642909;
1.676733, 5.484688;
1.875696, 5.308815;
2.090384, 5.116259;
2.319289, 4.908172;
2.560624, 4.685923;
2.812271, 4.451142;
3.071721, 4.205770;
3.336000, 3.952136;
3.601579, 3.693040;
3.864265, 3.431868;
4.119090, 3.172724;
4.360198, 2.920595;
4.580775, 2.681525;
4.773076, 2.462767;
4.928672, 2.272847;
5.039018, 2.121380;
5.096482, 2.018421;
5.095744, 1.973132;
5.035203, 1.991785;
4.917738, 2.075730;
4.750289, 2.220524;
4.542343, 2.416976;
4.304110, 2.653523;
4.045131, 2.918567;
3.773590, 3.201858;
3.496171, 3.494967;
3.218205, 3.791199;
2.943904, 4.085318;
2.676607, 4.373233;
2.418982, 4.651733;
2.173186, 4.918279;
1.940985, 5.170841;
1.723846, 5.407787;
1.523000, 5.627790;
1.339494, 5.829765;
1.174221, 6.012826;
1.027950, 6.176244;
0.901339, 6.319427;
0.794948, 6.441896;
0.709252, 6.543274;
0.644636, 6.623272;
0.601406, 6.681685;
0.579781, 6.718385;
0.579896, 6.733322;
0.601797, 6.726518;
0.645434, 6.698072;
0.710655, 6.648163;
0.797197, 6.577051;
0.904677, 6.485087;
1.032578, 6.372722;
1.180235, 6.240515;
1.346817, 6.089148;
1.531302, 5.919446;
1.732457, 5.732399;
1.948797, 5.529188;
2.178555, 5.311221;
2.419625, 5.080180;
2.669512, 4.838074;
2.925256, 4.587312;
3.183352, 4.330789;
3.439663, 4.071993;
3.689324, 3.815138;
3.926668, 3.565303;
4.145202, 3.328579;
4.337691, 3.112174;
4.496436, 2.924388;
4.613838, 2.774335;
4.683279, 2.671205;
4.700240, 2.622951;
4.663358, 2.634526;
4.574981, 2.706318;
4.440880, 2.833699;
4.269129, 3.008117;
4.068653, 3.219127;
3.848027, 3.456289;
3.614788, 3.710320;
3.375211, 3.973497;
3.134369, 4.239626;
2.896310, 4.503818;
2.664252, 4.762237;
2.440767, 5.011862;
2.227923, 5.250308;
2.027405, 5.475678;
1.840593, 5.686455;
1.668634, 5.881421;
1.512483, 6.059593;
1.372943, 6.220184;
1.250687, 6.362562;
1.146274, 6.486229;
1.060167, 6.590800;
0.992732, 6.675993;
0.944250, 6.741614;
0.914915, 6.787554;
0.904831, 6.813784;
0.914014, 6.820352;
0.942387, 6.807385;
0.989772, 6.775088;
1.055883, 6.723751;
1.140319, 6.653749;
1.242555, 6.565556;
1.361925, 6.459748;
1.497612, 6.337016;
1.648629, 6.198185;
1.813799, 6.044222;
1.991736, 5.876265;
2.180813, 5.695646;
2.379138, 5.503919;
2.584515, 5.302900;
2.794409, 5.094705;
3.005911, 4.881803;
3.215702, 4.667068;
3.420029, 4.453834;
3.614708, 4.245945;
3.795168, 4.047790;
3.956565, 3.864284;
4.093998, 3.700783;
4.202850, 3.562860;
4.279241, 3.455907;
4.320553, 3.384550;
4.325888, 3.351924;
4.296326, 3.359015;
4.234850, 3.404313;
4.145955, 3.483973;
4.035039, 3.592450;
3.907780, 3.723367;
3.769637, 3.870291;
3.625539, 4.027275;
3.479746, 4.189125;
3.335831, 4.351468;
3.196732, 4.510708;
3.064834, 4.663934;
2.942052, 4.808815;
2.829908, 4.943497;
2.729602, 5.066525;
2.642061, 5.176766;
2.567984, 5.273363;
2.507874, 5.355687;
2.462062, 5.423306;
2.430721, 5.475966;
2.413878, 5.513568;
2.411421, 5.536163;
2.423098, 5.543943;
2.448517, 5.537239;
2.487138, 5.516524;
2.538271, 5.482418;
2.601061, 5.435695;
2.674477, 5.377293;
2.757302, 5.308331;
2.848120, 5.230118;
2.945298, 5.144174;
3.046986, 5.052247;
3.151104, 4.956323;
3.255347, 4.858643;
3.357206, 4.761699;
3.453996, 4.668228;
3.542918, 4.581170;
3.621148, 4.503608;
3.685957, 4.438657;
3.734863, 4.389312;
3.765812, 4.358244;
3.777356, 4.347576;
3.768807, 4.358644;
3.740342, 4.391819;
3.693019, 4.446414;
3.628705, 4.520719;
3.549924, 4.612155;
3.459652, 4.717514;
3.361100, 4.833233;
3.257521, 4.955646;
3.152054, 5.081186;
3.047622, 5.206523;
2.946870, 5.328644;
2.852141, 5.444891;
2.765475, 5.552958;
2.688621, 5.650877;
2.623061, 5.736997;
2.570030, 5.809943;
2.530547, 5.868598;
2.505429, 5.912067;
2.495314, 5.939656;
2.500677, 5.950852;
2.521837, 5.945306;
2.558965, 5.922821;
2.612092, 5.883343;
2.681103, 5.826958;
2.765739, 5.753889;
2.865586, 5.664502;
2.980066, 5.559308;
3.108422, 5.438979;
3.249701, 5.304361;
3.402726, 5.156495;
3.566075, 4.996645;
3.738040, 4.826330;
3.916591, 4.647368;
4.099334, 4.461925;
4.283457, 4.272577;
4.465683, 4.082381;
4.642228, 3.894952;
4.808767, 3.714545;
4.960445, 3.546121;
5.091938, 3.395379;
5.197613, 3.268706;
5.271814, 3.172983;
5.309299, 3.115160;
5.305813, 3.101548;
5.258725, 3.136855;
5.167592, 3.223168;
5.034460, 3.359269;
4.863726, 3.540644;
4.661546, 3.760256;
4.434984, 4.009750;
4.191187, 4.280608;
3.936795, 4.564949;
3.677632, 4.855921;
3.418624, 5.147788;
3.163846, 5.435857;
2.916629, 5.716335;
2.679688, 5.986170;
2.455234, 6.242908;
2.245077, 6.484578;
2.050704, 6.709592;
1.873348, 6.916669;
1.714032, 7.104775;
1.573612, 7.273079;
1.452801, 7.420917;
1.352194, 7.547762;
1.272278, 7.653208;
1.213447, 7.736949;
1.176005, 7.798772;
1.160172, 7.838545;
1.166081, 7.856213;
1.193781, 7.851793;
1.243234, 7.825374;
1.314306, 7.777116;
1.406766, 7.707252;
1.520275, 7.616091;
1.654378, 7.504025;
1.808496, 7.371534;
1.981906, 7.219196;
2.173731, 7.047702;
2.382917, 6.857866;
2.608215, 6.650646;
2.848150, 6.427170;
3.100986, 6.188761;
3.364693, 5.936976;
3.636889, 5.673651;
3.914791, 5.400957;
4.195138, 5.121473;
4.474117, 4.838270;
4.747278, 4.555024;
5.009446, 4.276135;
5.254670, 4.006874;
5.476214, 3.753523;
5.666691, 3.523473;
5.818386, 3.325207;
5.923889, 3.168036;
5.977037, 3.061390;
5.974042, 3.013526;
5.914474, 3.029752;
5.801655, 3.110727;
5.642219, 3.251797;
5.444938, 3.443950;
5.219298, 3.675902;
4.974336, 3.936209;
4.717966, 4.214616;
4.456756, 4.502588;
4.195988, 4.793299;
3.939841, 5.081397;
3.691601, 5.362717;
3.453854, 5.634017;
3.228649, 5.892763;
3.017618, 6.136969;
2.822073, 6.365066;
2.643078, 6.575816;
2.481499, 6.768239;
2.338042, 6.941566;
2.213281, 7.095197;
2.107678, 7.228678;
2.021590, 7.341678;
1.955284, 7.433975;
1.908932, 7.505449;
1.882618, 7.556072;
1.876332, 7.585907;
1.889964, 7.595108;
1.923303, 7.583918;
1.976022, 7.552678;
2.047671, 7.501832;
2.137663, 7.431930;
2.245264, 7.343644;
2.369571, 7.237781;
2.509499, 7.115295;
2.663760, 6.977308;
2.830837, 6.825135;
3.008967, 6.660304;
3.196108, 6.484594;
3.389920, 6.300061;
3.587741, 6.109082;
3.786568, 5.914389;
3.983052, 5.719106;
4.173515, 5.526775;
4.353996, 5.341366;
4.520339, 5.167245;
4.668345, 5.009085;
4.793986, 4.871695;
4.893683, 4.759736;
4.964621, 4.677329;
5.005056, 4.627577;
5.014557, 4.612109;
4.994098, 4.630763;
4.945994, 4.681529;
4.873658, 4.760801;
4.781245, 4.863854;
4.673265, 4.985401;
4.554248, 5.120097;
4.428489, 5.262891;
4.299899, 5.409240;
4.171938, 5.555188;
4.047602, 5.697370;
3.929451, 5.832971;
3.819645, 5.959665;
3.719989, 6.075545;
3.631978, 6.179064;
3.556837, 6.268982;
3.495550, 6.344316;
3.448890, 6.404305;
3.417436, 6.448381;
3.401598, 6.476149;
3.401618, 6.487366;
3.417585, 6.481933;
3.449436, 6.459892;
3.496957, 6.421418;
3.559776, 6.366828;
3.637359, 6.296587;
3.728999, 6.211317;
3.833795, 6.111812;
3.950640, 5.999064;
4.078193, 5.874279;
4.214853, 5.738919;
4.358732, 5.594729;
4.507617, 5.443784;
4.658949, 5.288541;
4.809789, 5.131881;
4.956809, 4.977170;
5.096296, 4.828291;
5.224201, 4.689671;
5.336222, 4.566243;
5.427969, 4.463340;
5.495197, 4.386467;
5.534109, 4.340911;
5.541719, 4.331200;
5.516215, 4.360459;
5.457269, 4.429822;
5.366195, 4.538105;
5.245890, 4.681884;
5.100533, 4.855982;
4.935118, 5.054193;
4.754953, 5.270004;
4.565233, 5.497154;
4.370762, 5.729967;
4.175801, 5.963504;
3.984031, 6.193579;
3.798566, 6.416705;
3.622015, 6.630017;
3.456543, 6.831177;
3.303937, 7.018287;
3.165668, 7.189821;
3.042940, 7.344557;
2.936735, 7.481526;
2.847843, 7.599971;
2.776892, 7.699312;
2.724371, 7.779122;
2.690635, 7.839104;
2.675929, 7.879078;
2.680383, 7.898968;
2.704020, 7.898795;
2.746756, 7.878674;
2.808398, 7.838808;
2.888637, 7.779498;
2.987041, 7.701136;
3.103045, 7.604220;
3.235938, 7.489361;
3.384852, 7.357292;
3.548736, 7.208889;
3.726341, 7.045186;
3.916195, 6.867403;
4.116568, 6.676975;
4.325447, 6.475583;
4.540496, 6.265203;
4.759018, 6.048152;
4.977918, 5.827145;
5.193666, 5.605365;
5.402280, 5.386523;
5.599328, 5.174929;
5.779970, 4.975532;
5.939078, 4.793925;
6.071441, 4.636256;
6.172074, 4.509011;
6.236647, 4.418583;
6.261959, 4.370621;
6.246407, 4.369195;
6.190320, 4.415972;
6.096058, 4.509695;
5.967823, 4.646227;
5.811187, 4.819194;
5.632468, 5.020971;
5.438103, 5.243651;
5.234176, 5.479775;
5.026123, 5.722721;
4.818608, 5.966856;
4.615528, 6.207512;
4.420069, 6.440891;
4.234805, 6.663934;
4.061793, 6.874202;
3.902670, 7.069759;
3.758729, 7.249082;
3.630987, 7.410977;
3.520237, 7.554525;
3.427091, 7.679029;
3.352005, 7.783978;
3.295306, 7.869019;
3.257204, 7.933939;
3.237800, 7.978645;
3.237089, 8.003159;
3.254963, 8.007613;
3.291201, 7.992245;
3.345466, 7.957400;
3.417293, 7.903539;
3.506077, 7.831248;
3.611056, 7.741243;
3.731291, 7.634391;
3.865648, 7.511730;
4.012775, 7.374487;
4.171069, 7.224109;
4.338659, 7.062294;
4.513365, 6.891031;
4.692684, 6.712641;
4.873756, 6.529818;
5.053362, 6.345683;
5.227925, 6.163814;
5.393548, 5.988276;
5.546090, 5.823609;
5.681297, 5.674763;
5.794996, 5.546945;
5.883347, 5.445350;
5.943138, 5.374766;
5.972085, 5.339059;
5.969094, 5.340640;
5.934422, 5.380049;
5.869701, 5.455795;
5.777799, 5.564532;
5.662536, 5.701522;
5.528326, 5.861228;
5.379819, 6.037874;
5.221605, 6.225872;
5.058014, 6.420079;
4.893000, 6.615932;
4.730084, 6.809465;
4.572353, 6.997295;
4.422473, 7.176563;
4.282719, 7.344875;
4.155008, 7.500242;
4.040941, 7.641022;
3.941831, 7.765873;
3.858743, 7.873709;
3.792520, 7.963667;
3.743813, 8.035072;
3.713104, 8.087419;
3.700723, 8.120348;
3.706865, 8.133634;
3.731600, 8.127174;
3.774876, 8.100981;
3.836522, 8.055181;
3.916246, 7.990013;
4.013624, 7.905834;
4.128095, 7.803128;
4.258939, 7.682515;
4.405263, 7.544770;
4.565975, 7.390839;
4.739757, 7.221872;
4.925029, 7.039249;
5.119917, 6.844623;
5.322205, 6.639971;
5.529290, 6.427650;
5.738140, 6.210468;
5.945242, 5.991763;
6.146581, 5.775495;
6.337627, 5.566330;
6.513380, 5.369714;
6.668479, 5.191896;
6.797405, 5.039853;
6.894792, 4.921036;
6.955837, 4.842852;
6.976760, 4.811840;
6.955273, 4.832598;
6.890989, 4.906743;
6.785667, 5.032333;
6.643169, 5.204081;
6.469019, 5.414312;
6.269706, 5.654262;
6.051948, 5.915205;
5.822125, 6.189192;
5.585960, 6.469369;
5.348401, 6.750030;
5.113629, 7.026518;
4.885136, 7.295075;
4.665824, 7.552684;
4.458102, 7.796926;
4.263965, 8.025867;
4.085073, 8.237956;
3.922802, 8.431955;
3.778290, 8.606878;
3.652475, 8.761942;
3.546117, 8.896535;
3.459822, 9.010189;
3.394059, 9.102555;
3.349171, 9.173391;
3.325380, 9.222548;
3.322801, 9.249966;
3.341437, 9.255666;
3.381184, 9.239751;
3.441828, 9.202405;
3.523043, 9.143898;
3.624380, 9.064588;
3.745258, 8.964937;
3.884955, 8.845510;
4.042589, 8.707002;
4.217101, 8.550243;
4.407233, 8.376227;
4.611499, 8.186133;
4.828160, 7.981356;
5.055188, 7.763547;
5.290230, 7.534652;
5.530568, 7.296964;
5.773085, 7.053188;
6.014230, 6.806503;
6.249996, 6.560638;
6.475932, 6.319942;
6.687188, 6.089440;
6.878627, 5.874852;
7.045027, 5.682526;
7.181371, 5.519250;
7.283226, 5.391853;
7.347158, 5.306573;
7.371115, 5.268222;
7.354714, 5.279299;
7.299366, 5.339373;
7.208203, 5.444990;
7.085793, 5.590224;
6.937655, 5.767631;
6.769724, 5.969270;
6.587864, 6.187493;
6.397530, 6.415424;
6.203587, 6.647147;
6.010242, 6.877727;
5.821064, 7.103120;
5.639037, 7.320059;
5.466633, 7.525924;
5.305881, 7.718629;
5.158438, 7.896525;
5.025641, 8.058315;
4.908558, 8.202991;
4.808024, 8.329783;
4.724675, 8.438114;
4.658968, 8.527577;
4.611204, 8.597905;
4.581537, 8.648960;
4.569987, 8.680719;
4.576439, 8.693276;
4.600651, 8.686831;
4.642242, 8.661705;
4.700694, 8.618337;
4.775333, 8.557304;
4.865318, 8.479332;
4.969621, 8.385316;
5.087005, 8.276346;
5.215998, 8.153736;
5.354865, 8.019057;
5.501577, 7.874181;
5.653787, 7.721321;
5.808800, 7.563084;
5.963569, 7.402518;
6.114696, 7.243162;
6.258469, 7.089063;
6.390939, 6.944784;
6.508045, 6.815330;
6.605803, 6.705999;
6.680537, 6.622104;
6.729149, 6.568557;
6.749384, 6.549339;
6.740069, 6.566944;
6.701277, 6.621949;
6.634367, 6.712860;
6.541887, 6.836306;
6.427330, 6.987517;
6.294792, 7.160927;
6.148632, 7.350746;
5.993182, 7.551370;
5.832546, 7.757644;
5.670486, 7.964979;
5.510375, 8.169385;
5.355188, 8.367442;
5.207520, 8.556253;
5.069620, 8.733390;
4.943414, 8.896830;
4.830545, 9.044908;
4.732393, 9.176266;
4.650111, 9.289811;
4.584640, 9.384679;
4.536734, 9.460202;
4.506980, 9.515884;
4.495810, 9.551374;
4.503518, 9.566451;
4.530268, 9.561010;
4.576102, 9.535047;
4.640944, 9.488657;
4.724601, 9.422028;
4.826762, 9.335442;
4.946992, 9.229277;
5.084719, 9.104016;
5.239228, 8.960259;
5.409640, 8.798733;
5.594891, 8.620317;
5.793709, 8.426062;
6.004580, 8.217226;
6.225717, 7.995309;
6.455017, 7.762100;
6.690020, 7.519734;
6.927857, 7.270758;
7.165213, 7.018212;
7.398285, 6.765719;
7.622770, 6.517584;
7.833881, 6.278891;
8.026428, 6.055579;
8.194980, 5.854452;
8.334121, 5.683075;
8.438799, 5.549450;
8.504720, 5.461392;
8.528731, 5.425579;
8.509155, 5.446379;
8.446077, 5.524820;
8.341534, 5.658146;
8.199475, 5.840243;
8.025391, 6.062769;
7.825696, 6.316483;
7.607057, 6.592342;
7.375880, 6.882149;
7.137985, 7.178833;
6.898472, 7.476473;
6.661697, 7.770201;
6.431310, 8.056063;
6.210325, 8.330868;
6.001203, 8.592060;
5.805923, 8.837600;
5.626060, 9.065876;
5.462852, 9.275617;
5.317256, 9.465839;
5.190000, 9.635785;
5.081625, 9.784886;
4.992517, 9.912732;
4.922937, 10.019046;
4.873034, 10.103661;
4.842862, 10.166513;
4.832384, 10.207631;
4.841475, 10.227130;
4.869920, 10.225214;
4.917406, 10.202176;
4.983512, 10.158406;
5.067697, 10.094400;
5.169280, 10.010768;
5.287425, 9.908255;
5.421113, 9.787760;
5.569118, 9.650357;
5.729978, 9.497322;
5.901959, 9.330176;
6.083028, 9.150715;
6.270813, 8.961065;
6.462576, 8.763728;
6.655190, 8.561650;
6.845128, 8.358274;
7.028485, 8.157597;
7.201039, 7.964213;
7.358358, 7.783302;
7.495986, 7.620563;
7.609689, 7.482023;
7.695742, 7.373686;
7.751233, 7.301011;
7.774313, 7.268243;
7.764380, 7.277739;
7.722150, 7.329491;
7.649626, 7.421040;
7.549928, 7.547847;
7.427015, 7.703969;
7.285332, 7.882829;
7.129480, 8.077851;
6.963950, 8.282892;
6.792960, 8.492461;
6.620366, 8.701795;
6.449644, 8.906843;
6.283892, 9.104202;
6.125863, 9.291042;
5.977985, 9.465031;
5.842397, 9.624253;
5.720964, 9.767154;
5.615301, 9.892482;
5.526782, 9.999242;
5.456554, 10.086654;
5.405546, 10.154125;
5.374474, 10.201219;
5.363858, 10.227635;
5.374023, 10.233192;
5.405114, 10.217814;
5.457107, 10.181522;
5.529813, 10.124431;
5.622890, 10.046749;
5.735845, 9.948778;
5.868034, 9.830924;
6.018660, 9.693709;
6.186763, 9.537783;
6.371200, 9.363949;
6.570630, 9.173189;
6.783478, 8.966693;
7.007905, 8.745907;
7.241763, 8.512577;
7.482549, 8.268809;
7.727355, 8.017150;
7.972822, 7.760668;
8.215096, 7.503058;
8.449811, 7.248752;
8.672113, 7.003037;
8.876735, 6.772147;
9.058164, 6.563301;
9.210896, 6.384611;
9.329765, 6.244755;
9.410285, 6.152326;
9.448962, 6.114785;
9.443564, 6.137161;
9.393446, 6.220873;
9.299867, 6.363212;
9.166121, 6.557792;
8.997268, 6.795790;
8.799501, 7.067417;
8.579424, 7.363096;
8.343462, 7.674168;
8.097505, 7.993180;
7.846756, 8.313906;
7.595707, 8.631243;
7.348180, 8.941052;
7.107410, 9.240004;
6.876111, 9.525436;
6.656556, 9.795231;
6.450640, 10.047713;
6.259932, 10.281565;
6.085719, 10.495763;
5.929050, 10.689515;
