0.008403, 24.922828;
0.033604, 24.906021;
0.062653, 24.876923;
0.105214, 24.834259;
0.161961, 24.777338;
0.233254, 24.705784;
0.319262, 24.619416;
0.420023, 24.518182;
0.535478, 24.402129;
0.665489, 24.271381;
0.809857, 24.126128;
0.968327, 23.966614;
1.140597, 23.793131;
1.326326, 23.606011;
1.525136, 23.405624;
1.736622, 23.192369;
1.960351, 22.966672;
2.195872, 22.728979;
2.442719, 22.479750;
2.700415, 22.219461;
2.968475, 21.948590;
3.246412, 21.667621;
3.533741, 21.377038;
3.829979, 21.077319;
4.134649, 20.768937;
4.447283, 20.452358;
4.767421, 20.128036;
5.094615, 19.796414;
5.428427, 19.457927;
5.768428, 19.112997;
6.114201, 18.762036;
6.465336, 18.405449;
6.821429, 18.043633;
7.182085, 17.676979;
7.546911, 17.305875;
7.915516, 16.930708;
8.287509, 16.551865;
8.662499, 16.169735;
9.040090, 15.784712;
9.419883, 15.397195;
9.801473, 15.007593;
10.184445, 14.616321;
10.568380, 14.223803;
10.952850, 13.830474;
11.337417, 13.436778;
11.721638, 13.043169;
12.105060, 12.650109;
12.487226, 12.258069;
12.867675, 11.867523;
13.245944, 11.478950;
13.621567, 11.092831;
13.994084, 10.709645;
14.363040, 10.329865;
14.727986, 9.953957;
15.088487, 9.582378;
15.444121, 9.215567;
15.794482, 8.853951;
16.139185, 8.497933;
16.477863, 8.147897;
16.810174, 7.804207;
17.135794, 7.467200;
17.454422, 7.137196;
17.765777, 6.814492;
18.069591, 6.499370;
18.365614, 6.192095;
18.653600, 5.892927;
18.933309, 5.602119;
19.204499, 5.319927;
19.466917, 5.046614;
19.720299, 4.782457;
19.964359, 4.527753;
20.198785, 4.282821;
20.423237, 4.048013;
20.637339, 3.823710;
20.840681, 3.610328;
21.032816, 3.408315;
21.213264, 3.218150;
21.381515, 3.040340;
21.537036, 2.875407;
21.679283, 2.723880;
21.807713, 2.586285;
21.921800, 2.463120;
22.021053, 2.354847;
22.105034, 2.261867;
22.173384, 2.184502;
22.225834, 2.122980;
22.262227, 2.077421;
22.282528, 2.047826;
22.286829, 2.034078;
22.275346, 2.035940;
22.248416, 2.053069;
22.206473, 2.085030;
22.150035, 2.131314;
22.079674, 2.191366;
21.995991, 2.264602;
21.899586, 2.350441;
21.791036, 2.448324;
21.670868, 2.557736;
21.539540, 2.678228;
21.397424, 2.809427;
21.244792, 2.951057;
21.081809, 3.102938;
20.908522, 3.265004;
20.724861, 3.437298;
20.530641, 3.619973;
20.325564, 3.813291;
20.109230, 4.017609;
19.881153, 4.233368;
19.640783, 4.461068;
19.387534, 4.701243;
19.120821, 4.954425;
18.840104, 5.221107;
18.544941, 5.501690;
18.235038, 5.796446;
17.910303, 6.105470;
17.570890, 6.428646;
17.217226, 6.765629;
16.850017, 7.115834;
16.470237, 7.478453;
16.079082, 7.852480;
15.677924, 8.236753;
15.268241, 8.629998;
14.851559, 9.030882;
14.429393, 9.438051;
14.003201, 9.850171;
13.574356, 10.265959;
13.144120, 10.684205;
12.713638, 11.103780;
12.283933, 11.523654;
11.855912, 11.942888;
11.430369, 12.360642;
11.007995, 12.776164;
10.589388, 13.188792;
10.175064, 13.597939;
9.765463, 14.003096;
9.360965, 14.403814;
8.961891, 14.799704;
8.568520, 15.190425;
8.181092, 15.575679;
7.799819, 15.955200;
7.424890, 16.328750;
7.056485, 16.696106;
6.694775, 17.057060;
6.339934, 17.411406;
5.992142, 17.758932;
5.651593, 18.099423;
5.318500, 18.432645;
4.993096, 18.758348;
4.675638, 19.076259;
4.366408, 19.386082;
4.065713, 19.687498;
3.773886, 19.980162;
3.491277, 20.263712;
3.218256, 20.537765;
2.955205, 20.801925;
2.702513, 21.055788;
2.460572, 21.298948;
2.229770, 21.531000;
2.010485, 21.751547;
1.803082, 21.960208;
1.607907, 22.156618;
1.425280, 22.340438;
1.255496, 22.511355;
1.098818, 22.669089;
0.955476, 22.813391;
0.825663, 22.944053;
0.709532, 23.060902;
0.607198, 23.163814;
0.518727, 23.252706;
0.444136, 23.327552;
0.383387, 23.388381;
0.336376, 23.435292;
0.302928, 23.468458;
0.282795, 23.488126;
0.275663, 23.494616;
0.281174, 23.488288;
0.298954, 23.469517;
0.328644, 23.438664;
0.369912, 23.396057;
0.422458, 23.341989;
0.486012, 23.276724;
0.560327, 23.200503;
0.645172, 23.113550;
0.740332, 23.016076;
0.845601, 22.908280;
0.960787, 22.790352;
1.085711, 22.662468;
1.220204, 22.524794;
1.364113, 22.377479;
1.517300, 22.220660;
1.679641, 22.054456;
1.851029, 21.878970;
2.031371, 21.694292;
2.220589, 21.500495;
2.418616, 21.297638;
2.625399, 21.085770;
2.840894, 20.864930;
3.065062, 20.635147;
3.297870, 20.396449;
3.539286, 20.148861;
3.789276, 19.892410;
4.047802, 19.627127;
4.314819, 19.353051;
4.590270, 19.070233;
4.874083, 18.778738;
5.166171, 18.478649;
5.466426, 18.170069;
5.774714, 17.853127;
6.090878, 17.527975;
6.414729, 17.194800;
6.746047, 16.853819;
7.084575, 16.505285;
7.430019, 16.149492;
7.782043, 15.786775;
8.140266, 15.417513;
8.504263, 15.042135;
8.873557, 14.661116;
9.247624, 14.274989;
9.625883, 13.884336;
10.007704, 13.489799;
10.392399, 13.092074;
10.779231, 12.691914;
11.167409, 12.290126;
11.556095, 11.887573;
11.944405, 11.485161;
12.331422, 11.083841;
12.716197, 10.684596;
13.097767, 10.288432;
13.475160, 9.896363;
13.847416, 9.509398;
14.213597, 9.128523;
14.572809, 8.754684;
14.924213, 8.388768;
15.267044, 8.031586;
15.600620, 7.683861;
15.924356, 7.346215;
16.237765, 7.019161;
16.540462, 6.703109;
16.832157, 6.398360;
17.112653, 6.105124;
17.381823, 5.823529;
17.639605, 5.553638;
17.885980, 5.295467;
18.120954, 5.049002;
18.344547, 4.814218;
18.556771, 4.591088;
18.757626, 4.379601;
18.947088, 4.179762;
19.125104, 3.991601;
19.291597, 3.815169;
19.446467, 3.650537;
19.589600, 3.497785;
19.720877, 3.356994;
19.840189, 3.228236;
19.947449, 3.111562;
20.042607, 3.006991;
20.125660, 2.914501;
20.196662, 2.834020;
20.255728, 2.765428;
20.303035, 2.708549;
20.338819, 2.663160;
20.363371, 2.628993;
20.377022, 2.605743;
20.380134, 2.593077;
20.373087, 2.590646;
20.356265, 2.598096;
20.330044, 2.615075;
20.294781, 2.641245;
20.250803, 2.676292;
20.198396, 2.719934;
20.137804, 2.771928;
20.069213, 2.832075;
19.992756, 2.900230;
19.908503, 2.976302;
19.816456, 3.060263;
19.716554, 3.152149;
19.608663, 3.252065;
19.492581, 3.360186;
19.368035, 3.476757;
19.234683, 3.602096;
19.092119, 3.736591;
18.939876, 3.880697;
18.777438, 4.034925;
18.604245, 4.199840;
18.419713, 4.376041;
18.223252, 4.564145;
18.014287, 4.764765;
17.792287, 4.978481;
17.556796, 5.205810;
17.307458, 5.447173;
17.044056, 5.702861;
16.766533, 5.973006;
16.475013, 6.257551;
16.169816, 6.556241;
15.851455, 6.868614;
15.520631, 7.194008;
15.178211, 7.531580;
14.825201, 7.880334;
14.462716, 8.239150;
14.091946, 8.606824;
13.714125, 8.982100;
13.330498, 9.363706;
12.942301, 9.750374;
12.550735, 10.140871;
12.156959, 10.534009;
11.762071, 10.928657;
11.367104, 11.323754;
10.973023, 11.718307;
10.580722, 12.111398;
10.191024, 12.502178;
9.804682, 12.889872;
9.422380, 13.273774;
9.044735, 13.653244;
8.672299, 14.027709;
8.305563, 14.396654;
7.944958, 14.759628;
7.590856, 15.116236;
7.243573, 15.466137;
6.903372, 15.809044;
6.570463, 16.144722;
6.245008, 16.472983;
5.927123, 16.793684;
5.616882, 17.106722;
5.314320, 17.412032;
5.019443, 17.709577;
4.732232, 17.999340;
4.452658, 18.281318;
4.180685, 18.555504;
3.916293, 18.821879;
3.659489, 19.080396;
3.410323, 19.330961;
3.168906, 19.573425;
2.935422, 19.807568;
2.710145, 20.033094;
2.493438, 20.249625;
2.285754, 20.456709;
2.087631, 20.653824;
1.899670, 20.840400;
1.722518, 21.015832;
1.556840, 21.179506;
1.403292, 21.330820;
1.262494, 21.469206;
1.135012, 21.594150;
1.021331, 21.705208;
0.921844, 21.802021;
0.836841, 21.884326;
0.766505, 21.951960;
0.710902, 22.004864;
0.669997, 22.043080;
0.643655, 22.066741;
0.631659, 22.076058;
0.633734, 22.071297;
0.649559, 22.052761;
0.678797, 22.020771;
0.721103, 21.975652;
0.776137, 21.917721;
0.843567, 21.847290;
0.923076, 21.764657;
1.014359, 21.670109;
1.117124, 21.563924;
1.231094, 21.446368;
1.356007, 21.317694;
1.491617, 21.178143;
1.637695, 21.027938;
1.794031, 20.867285;
1.960433, 20.696374;
2.136732, 20.515372;
2.322775, 20.324426;
2.518432, 20.123664;
2.723586, 19.913197;
2.938141, 19.693116;
3.162011, 19.463500;
3.395121, 19.224416;
3.637404, 18.975923;
3.888797, 18.718077;
4.149235, 18.450933;
4.418650, 18.174552;
4.696965, 17.889002;
4.984091, 17.594366;
5.279922, 17.290742;
5.584331, 16.978254;
5.897164, 16.657050;
6.218238, 16.327310;
6.547335, 15.989251;
6.884198, 15.643128;
7.228523, 15.289246;
7.579959, 14.927959;
7.938097, 14.559679;
8.302469, 14.184879;
8.672539, 13.804104;
9.047696, 13.417973;
9.427253, 13.027185;
9.810436, 12.632532;
10.196379, 12.234898;
10.584120, 11.835270;
10.972598, 11.434739;
11.360647, 11.034506;
11.747001, 10.635883;
12.130295, 10.240284;
12.509076, 9.849225;
12.881814, 9.464300;
13.246930, 9.087164;
13.602821, 8.719495;
13.947904, 8.362951;
14.280660, 8.019118;
14.599694, 7.689443;
14.903791, 7.375170;
15.191980, 7.077274;
15.463585, 6.796407;
15.718262, 6.532856;
15.956029, 6.286535;
16.177254, 6.056995;
16.382635, 5.843460;
16.573149, 5.644888;
16.749991, 5.460040;
16.914497, 5.287556;
17.068076, 5.126024;
17.212143, 4.974046;
17.348062, 4.830284;
17.477099, 4.693503;
17.600395, 4.562596;
17.718935, 4.436605;
17.833544, 4.314727;
17.944869, 4.196326;
18.053387, 4.080927;
18.159400, 3.968219;
18.263039, 3.858049;
18.364275, 3.750417;
18.462921, 3.645467;
18.558646, 3.543482;
18.650983, 3.444871;
18.739342, 3.350158;
18.823028, 3.259971;
18.901257, 3.175019;
18.973178, 3.096081;
19.037896, 3.023977;
19.094499, 2.959548;
19.142086, 2.903632;
19.179796, 2.857030;
19.206833, 2.820491;
19.222497, 2.794678;
19.226195, 2.780158;
19.217460, 2.777384;
19.195951, 2.786688;
19.161453, 2.808290;
19.113859, 2.842302;
19.053154, 2.888748;
18.979384, 2.947593;
18.892630, 3.018766;
18.792971, 3.102198;
18.680456, 3.197852;
18.555070, 3.305754;
18.416710, 3.426024;
18.265161, 3.558902;
18.100081, 3.704758;
17.920991, 3.864105;
17.727283, 4.037590;
17.518236, 4.225968;
17.293050, 4.430069;
17.050907, 4.650730;
16.791048, 4.888715;
16.512877, 5.144628;
16.216067, 5.418809;
15.900670, 5.711257;
15.567188, 6.021567;
15.216606, 6.348916;
14.850364, 6.692079;
14.470276, 7.049493;
14.078425, 7.419339;
13.677039, 7.799635;
13.268381, 8.188321;
12.854661, 8.583341;
12.437976, 8.982698;
12.020273, 9.384491;
11.603331, 9.786945;
11.188761, 10.188422;
10.778008, 10.587422;
10.372363, 10.982588;
9.972974, 11.372693;
9.580857, 11.756639;
9.196909, 12.133445;
8.821916, 12.502243;
8.456562, 12.862266;
8.101437, 13.212845;
7.757043, 13.553403;
7.423797, 13.883448;
7.102036, 14.202571;
6.792019, 14.510443;
6.493927, 14.806815;
6.207869, 15.091511;
5.933876, 15.364436;
5.671902, 15.625568;
5.421826, 15.874966;
5.183448, 16.112768;
4.956487, 16.339191;
4.740582, 16.554540;
4.535286, 16.759199;
4.340073, 16.953641;
4.154333, 17.138424;
3.977379, 17.314187;
3.808450, 17.481649;
3.646723, 17.641597;
3.491328, 17.794876;
3.341366, 17.942366;
3.195933, 18.084964;
3.054157, 18.223545;
2.915232, 18.358930;
2.778458, 18.491843;
2.643284, 18.622868;
2.509342, 18.752411;
2.376482, 18.880666;
2.244780, 19.007600;
2.114547, 19.132944;
1.986306, 19.256212;
1.860768, 19.376727;
1.738790, 19.493657;
1.621327, 19.606069;
1.509387, 19.712968;
1.403990, 19.813345;
1.306126, 19.906216;
1.216729, 19.990649;
1.136655, 20.065789;
1.066666, 20.130876;
1.007422, 20.185248;
0.959478, 20.228348;
0.923285, 20.259723;
0.899196, 20.279017;
0.887472, 20.285961;
0.888295, 20.280367;
0.901778, 20.262113;
0.927974, 20.231134;
0.966889, 20.187413;
1.018485, 20.130970;
1.082690, 20.061864;
1.159402, 19.980183;
1.248487, 19.886045;
1.349786, 19.779595;
1.463114, 19.661005;
1.588262, 19.530472;
1.724998, 19.388218;
1.873071, 19.234482;
2.032210, 19.069528;
2.202129, 18.893634;
2.382527, 18.707090;
2.573095, 18.510201;
2.773516, 18.303278;
2.983468, 18.086638;
3.202626, 17.860600;
3.430669, 17.625484;
3.667274, 17.381607;
3.912127, 17.129284;
4.164919, 16.868822;
4.425346, 16.600524;
4.693114, 16.324685;
4.967936, 16.041594;
5.249531, 15.751535;
5.537626, 15.454785;
5.831952, 15.151618;
6.132241, 14.842306;
6.438231, 14.527121;
6.749652, 14.206337;
7.066235, 13.880232;
7.387700, 13.549094;
7.713759, 13.213217;
8.044106, 12.872914;
8.378418, 12.528510;
8.716350, 12.180353;
9.057527, 11.828816;
9.401541, 11.474302;
9.747945, 11.117248;
10.096244, 10.758136;
10.445891, 10.397495;
10.796273, 10.035917;
11.146707, 9.674063;
11.496423, 9.312676;
11.844556, 8.952598;
12.190131, 8.594783;
12.532047, 8.240315;
12.869064, 7.890427;
13.199786, 7.546515;
13.522652, 7.210157;
13.835926, 6.883121;
14.137698, 6.567371;
14.425892, 6.265053;
14.698299, 5.978472;
14.952625, 5.710031;
15.186577, 5.462145;
15.397973, 5.237107;
15.584896, 5.036925;
15.745869, 4.863120;
15.880035, 4.716532;
15.987321, 4.597160;
16.068536, 4.504078;
16.125373, 4.435460;
16.160315, 4.388714;
16.176448, 4.360693;
16.177221, 4.347947;
16.166211, 4.346947;
16.146915, 4.354282;
16.122609, 4.366779;
16.096245, 4.381585;
16.070416, 4.396197;
16.047339, 4.408469;
16.028866, 4.416596;
16.016507, 4.419091;
16.011456, 4.414769;
16.014614, 4.402714;
16.026613, 4.382267;
16.047831, 4.353007;
16.078407, 4.314741;
16.118249, 4.267495;
16.167036, 4.211514;
16.224219, 4.147263;
16.289011, 4.075435;
16.360383, 3.996961;
16.437045, 3.913023;
16.517431, 3.825073;
16.599679, 3.734857;
16.681613, 3.644431;
16.760722, 3.556189;
16.834148, 3.472876;
16.898693, 3.397588;
16.950837, 3.333764;
16.986804, 3.285128;
17.002674, 3.255595;
16.994556, 3.249114;
16.958828, 3.269437;
16.892436, 3.319841;
16.793197, 3.402813;
16.660055, 3.519780;
16.493214, 3.670933;
16.294105, 3.855199;
16.065204, 4.070386;
15.809729, 4.313439;
15.531334, 4.580752;
15.233818, 4.868476;
14.920911, 5.172759;
14.596138, 5.489920;
14.262735, 5.816553;
13.923616, 6.149579;
13.581370, 6.486264;
13.238269, 6.824209;
12.896285, 7.161338;
12.557118, 7.495870;
12.222208, 7.826300;
11.892761, 8.151378;
11.569760, 8.470089;
11.253979, 8.781642;
10.945991, 9.085456;
10.646174, 9.381152;
10.354715, 9.668553;
10.071611, 9.947677;
9.796667, 10.218735;
9.529499, 10.482133;
9.269531, 10.738466;
9.016003, 10.988511;
8.767973, 11.233213;
8.524344, 11.473663;
8.283886, 11.711059;
8.045285, 11.946656;
7.807209, 12.181694;
7.568388, 12.417325;
7.327718, 12.654513;
7.084359, 12.893961;
6.837831, 13.136032;
6.588071, 13.380718;
6.335459, 13.627633;
6.080784, 13.876044;
5.825177, 14.124933;
5.570015, 14.373072;
5.316822, 14.619105;
5.067174, 14.861618;
4.822622, 15.099205;
4.584640, 15.330509;
4.354590, 15.554258;
4.133696, 15.769285;
3.923041, 15.974539;
3.723563, 16.169092;
3.536053, 16.352140;
3.361162, 16.523006;
3.199402, 16.681133;
3.051149, 16.826093;
2.916641, 16.957577;
2.795981, 17.075407;
2.689130, 17.179527;
2.595911, 17.270015;
2.516001, 17.347081;
2.448934, 17.411069;
2.394100, 17.462461;
2.350750, 17.501869;
2.318007, 17.530038;
2.294873, 17.547831;
2.280254, 17.556224;
2.272977, 17.556280;
2.271821, 17.549138;
2.275547, 17.535980;
2.282934, 17.518001;
2.292819, 17.496381;
2.304139, 17.472237;
2.315970, 17.446591;
2.327570, 17.420325;
2.338412, 17.394144;
2.348209, 17.368542;
2.356930, 17.343778;
2.364797, 17.319861;
2.372275, 17.296548;
2.380049, 17.273360;
2.388983, 17.249601;
2.400087, 17.224392;
2.414473, 17.196709;
2.433317, 17.165423;
2.457825, 17.129342;
2.489201, 17.087243;
2.528628, 17.037905;
2.577244, 16.980134;
2.636134, 16.912783;
2.706315, 16.834767;
2.788734, 16.745073;
2.884258, 16.642770;
2.993674, 16.527008;
3.117686, 16.397026;
3.256914, 16.252152;
3.411894, 16.091799;
3.583072, 15.915472;
3.770813, 15.722763;
3.975391, 15.513350;
4.196994, 15.286999;
4.435722, 15.043564;
4.691584, 14.782985;
4.964496, 14.505291;
5.254278, 14.210603;
5.560651, 13.899137;
5.883231, 13.571207;
6.221520, 13.227234;
6.574895, 12.867752;
6.942603, 12.493423;
7.323737, 12.105047;
7.717222, 11.703584;
8.121789, 11.290178;
8.535949, 10.866184;
8.957951, 10.433208;
9.385749, 9.993151;
9.816941, 9.548272;
10.248727, 9.101254;
10.677841, 8.655289;
11.100507, 8.214169;
11.512404, 7.782383;
11.908674, 7.365183;
12.284000, 6.968599;
12.632774, 6.599304;
12.949372, 6.264261;
13.228541, 5.970028;
13.465890, 5.721747;
13.658515, 5.522030;
13.805675, 5.370195;
13.909266, 5.262309;
13.973740, 5.192066;
14.005383, 5.152068;
14.011284, 5.134947;
13.998403, 5.134058;
13.972981, 5.143759;
13.940286, 5.159427;
13.904600, 5.177348;
13.869316, 5.194579;
13.837083, 5.208799;
13.809938, 5.218199;
13.789428, 5.221382;
13.776703, 5.217294;
13.772583, 5.205167;
13.777612, 5.184485;
13.792091, 5.154949;
13.816101, 5.116464;
13.849522, 5.069127;
13.892037, 5.013219;
13.943133, 4.949204;
14.002104, 4.877734;
14.068045, 4.799651;
14.139845, 4.715994;
14.216186, 4.628002;
14.295535, 4.537122;
14.376151, 4.445009;
14.456086, 4.353515;
14.533210, 4.264679;
14.605239, 4.180694;
14.669787, 4.103854;
14.724444, 4.036491;
14.766861, 3.980875;
14.794879, 3.939102;
14.806649, 3.912964;
14.800766, 3.903827;
14.776373, 3.912527;
14.733235, 3.939305;
14.671742, 3.983804;
14.592869, 4.045116;
14.498066, 4.121883;
14.389127, 4.212424;
14.268045, 4.314868;
14.136874, 4.427281;
13.997618, 4.547761;
13.852148, 4.674515;
13.702152, 4.805906;
13.549099, 4.940487;
13.394233, 5.077008;
13.238570, 5.214431;
13.082904, 5.351928;
12.927813, 5.488882;
12.773666, 5.624890;
12.620621, 5.759764;
12.468626, 5.893537;
12.317405, 6.026477;
12.166448, 6.159090;
12.014996, 6.292143;
11.862015, 6.426681;
11.706184, 6.564047;
11.545869, 6.705904;
11.379109, 6.854256;
11.203611, 7.011462;
11.016758, 7.180227;
10.815645, 7.363571;
10.597159, 7.564745;
10.358125, 7.787063;
10.095524, 8.033650;
9.806822, 8.307076;
9.490372, 8.608916;
9.145855, 8.939325;
8.774613, 9.296759;
8.379749, 9.677965;
7.965888, 10.078296;
7.538649, 10.492236;
7.104014, 10.913997;
6.667780, 11.337991;
6.235193, 11.759147;
5.810783, 12.173046;
5.398341, 12.575944;
5.000982, 12.964719;
4.621239, 13.336798;
4.261161, 13.690069;
3.922401, 14.022805;
3.606293, 14.333597;
3.313908, 14.621303;
3.046101, 14.884997;
2.803547, 15.123941;
2.586761, 15.337558;
2.396121, 15.525411;
2.231878, 15.687189;
2.094166, 15.822701;
1.983004, 15.931868;
1.898299, 16.014718;
1.839850, 16.071388;
1.807342, 16.102120;
1.800352, 16.107262;
1.818344, 16.087268;
1.860672, 16.042697;
1.926573, 15.974218;
2.015162, 15.882614;
2.125425, 15.768790;
2.256197, 15.633792;
2.406147, 15.478823;
2.573744, 15.305278;
2.757223, 15.114771;
2.954540, 14.909191;
3.163320, 14.690750;
3.380796, 14.462056;
3.603743, 14.226190;
3.828411, 13.986791;
4.050470, 13.748151;
4.264986, 13.515288;
4.466457, 13.293973;
4.648949, 13.090659;
4.806379, 12.912239;
4.932968, 12.765544;
5.023859, 12.656542;
5.075796, 12.589359;
5.087714, 12.565374;
5.061018, 12.582826;
4.999413, 12.637138;
4.908330, 12.721851;
4.794127, 12.829734;
4.663347, 12.953695;
4.522154, 13.087324;
4.376032, 13.225121;
4.229662, 13.362506;
4.086948, 13.495733;
3.951088, 13.621764;
3.824688, 13.738141;
3.709862, 13.842871;
3.608329, 13.934336;
3.521493, 14.011211;
3.450506, 14.072403;
3.396323, 14.117003;
3.359743, 14.144248;
3.341439, 14.153487;
3.341986, 14.144165;
3.361878, 14.115797;
3.401541, 14.067964;
3.461342, 14.000297;
3.541597, 13.912476;
3.642572, 13.804224;
3.764483, 13.675310;
3.907498, 13.525545;
4.071730, 13.354786;
4.257238, 13.162940;
4.464020, 12.949965;
4.692010, 12.715876;
4.941068, 12.460750;
5.210979, 12.184729;
5.501441, 11.888035;
5.812056, 11.570970;
6.142317, 11.233932;
6.491595, 10.877428;
6.859120, 10.502094;
7.243951, 10.108712;
7.644954, 9.698242;
8.060754, 9.271862;
8.489683, 8.831012;
8.929721, 8.377463;
9.378398, 7.913395;
9.832696, 7.441515;
10.288900, 6.965198;
10.742439, 6.488678;
11.187689, 6.017296;
11.617781, 5.557789;
12.024451, 5.118621;
12.398037, 4.710257;
12.727755, 4.345195;
13.002398, 4.037395;
13.211542, 3.800615;
13.347221, 3.645469;
13.405835, 3.576014;
13.389527, 3.587959;
13.306050, 3.670025;
13.166993, 3.807538;
12.985331, 3.985834;
12.773427, 4.192134;
12.541976, 4.416065;
12.299718, 4.649473;
12.053577, 4.886021;
11.808968, 5.120780;
11.570112, 5.349889;
11.340311, 5.570303;
11.122157, 5.779595;
10.917701, 5.975817;
10.728566, 6.157400;
10.556037, 6.323077;
10.401124, 6.471828;
10.264601, 6.602846;
10.147044, 6.715501;
10.048848, 6.809330;
9.970244, 6.884019;
9.911304, 6.939397;
9.871947, 6.975437;
9.851937, 6.992252;
9.850883, 6.990105;
9.868229, 6.969411;
9.903245, 6.930753;
9.955017, 6.874891;
10.022429, 6.802781;
10.104149, 6.715595;
10.198604, 6.614740;
10.303959, 6.501887;
10.418094, 6.378997;
10.538572, 6.248350;
10.662626, 6.112571;
10.787140, 5.974652;
10.908649, 5.837962;
11.023367, 5.706231;
11.127255, 5.583502;
11.216138, 5.474032;
11.285889, 5.382124;
11.332687, 5.311895;
11.353314, 5.266968;
11.345462, 5.250150;
11.307979, 5.263138;
11.240982, 5.306325;
11.145809, 5.378775;
11.024821, 5.478362;
10.881110, 5.602048;
10.718194, 5.746211;
10.539744, 5.906966;
10.349377, 6.080431;
10.150526, 6.262905;
9.946354, 6.450986;
9.739717, 6.641620;
9.533158, 6.832123;
9.328910, 7.020165;
9.128908, 7.203759;
8.934815, 7.381228;
8.748033, 7.551185;
8.569722, 7.712511;
8.400809, 7.864341;
8.241997, 8.006050;
8.093764, 8.137254;
7.956359, 8.257814;
7.829793, 8.367846;
7.713816, 8.467740;
7.607894, 8.558191;
7.511174, 8.640233;
7.422441, 8.715279;
7.340068, 8.785167;
7.261959, 8.852201;
7.185488, 8.919178;
7.107449, 8.989384;
7.024036, 9.066532;
6.930897, 9.154612;
6.823313, 9.257635;
6.696586, 9.379252;
6.546638, 9.522307;
6.370725, 9.688413;
6.168045, 9.877688;
5.939961, 10.088729;
5.689733, 10.318861;
5.421897, 10.564535;
5.141544, 10.821766;
4.853719, 11.086504;
4.563055, 11.354884;
4.273600, 11.623367;
3.988798, 11.888803;
3.711531, 12.148432;
3.444204, 12.399858;
3.188821, 12.641016;
2.947060, 12.870126;
2.720336, 13.085655;
2.509843, 13.286280;
2.316596, 13.470862;
2.141458, 13.638413;
1.985165, 13.788082;
1.848337, 13.919134;
1.731496, 14.030939;
1.635067, 14.122967;
1.559386, 14.194776;
1.504703, 14.246014;
1.471182, 14.276414;
1.458901, 14.285795;
1.467858, 14.274054;
1.497973, 14.241168;
1.549098, 14.187181;
1.621023, 14.112202;
1.713482, 14.016396;
1.826160, 13.899977;
1.958698, 13.763206;
2.110687, 13.606391;
2.281673, 13.429888;
2.471140, 13.234107;
2.678507, 13.019524;
2.903109, 12.786689;
3.144182, 12.536251;
3.400834, 12.268973;
3.672020, 11.985767;
3.956503, 11.687722;
4.252810, 11.376160;
4.559179, 11.052680;
4.873486, 10.719239;
5.193174, 10.378235;
5.515156, 10.032609;
5.835722, 9.685975;
6.150439, 9.342754;
6.454079, 9.008307;
6.740600, 8.689030;
7.003235, 8.392347;
7.234742, 8.126502;
7.427883, 7.900015;
7.576153, 7.720736;
7.674702, 7.594560;
7.721259, 7.524156;
7.716728, 7.508278;
7.665149, 7.542013;
7.572984, 7.617890;
7.448048, 7.727275;
7.298462, 7.861552;
7.131910, 8.012840;
6.955226, 8.174304;
6.774270, 8.340191;
6.593949, 8.505737;
6.418329, 8.667018;
6.250765, 8.820807;
6.094031, 8.964438;
5.950427, 9.095695;
5.821875, 9.212725;
5.709985, 9.313968;
5.616120, 9.398098;
5.541429, 9.463987;
5.486889, 9.510669;
5.453319, 9.537320;
5.441400, 9.543239;
5.451683, 9.527840;
5.484597, 9.490646;
5.540449, 9.431282;
5.619425, 9.349478;
5.721586, 9.245072;
5.846870, 9.118008;
5.995079, 8.968349;
6.165883, 8.796277;
6.358803, 8.602108;
6.573207, 8.386297;
6.808293, 8.149463;
7.063073, 7.892398;
7.336344, 7.616105;
7.626655, 7.321823;
7.932266, 7.011081;
8.251082, 6.685758;
8.580582, 6.348160;
8.917720, 6.001126;
9.258802, 5.648163;
9.599339, 5.293606;
9.933878, 4.942818;
10.255819, 4.602394;
10.557266, 4.280345;
10.828967, 3.986141;
11.060507, 3.730466;
11.240971, 3.524431;
11.360360, 3.378086;
11.411720, 3.298408;
11.393234, 3.287496;
11.308933, 3.341998;
11.167438, 3.454173;
10.979598, 3.613928;
10.756359, 3.810749;
10.507544, 4.034930;
10.241425, 4.278089;
9.964765, 4.533241;
9.683035, 4.794658;
9.400669, 5.057667;
9.121277, 5.318450;
8.847830, 5.573870;
8.582794, 5.821337;
8.328233, 6.058696;
8.085890, 6.284141;
7.857243, 6.496149;
7.643552, 6.693433;
7.445893, 6.874902;
7.265182, 7.039630;
7.102195, 7.186837;
6.957577, 7.315873;
6.831856, 7.426207;
6.725442, 7.517424;
6.638626, 7.589219;
6.571583, 7.641404;
6.524357, 7.673911;
6.496857, 7.686801;
6.488840, 7.680281;
6.499894, 7.654717;
6.529418, 7.610657;
6.576593, 7.548861;
6.640353, 7.470334;
6.719348, 7.376365;
6.811894, 7.268579;
6.915921, 7.148993;
7.028914, 7.020089;
7.147831, 6.884887;
7.269039, 6.747022;
7.388236, 6.610808;
7.500406, 6.481266;
7.599839, 6.364068;
7.680255, 6.265358;
7.735144, 6.191373;
7.758356, 6.147854;
7.744960, 6.139302;
7.692160, 6.168262;
7.599918, 6.234889;
7.470958, 6.336979;
7.310131, 6.470461;
7.123460, 6.630127;
6.917236, 6.810355;
6.697404, 7.005645;
6.469241, 7.210941;
6.237277, 7.421776;
6.005318, 7.634295;
5.776544, 7.845222;
5.553598, 8.051792;
5.338687, 8.251682;
5.133650, 8.442941;
4.940028, 8.623935;
4.759108, 8.793294;
4.591964, 8.949876;
4.439485, 9.092731;
4.302394, 9.221081;
4.181260, 9.334302;
4.076509, 9.431915;
3.988419, 9.513584;
3.917122, 9.579112;
3.862585, 9.628452;
3.824604, 9.661711;
3.802780, 9.679166;
3.796500, 9.681275;
3.804913, 9.668694;
3.826914, 9.642291;
3.861127, 9.603153;
3.905903, 9.552596;
3.959331, 9.492162;
4.019268, 9.423617;
4.083386, 9.348930;
4.149228, 9.270259;
4.214275, 9.189918;
4.276002, 9.110351;
4.331926, 9.034093;
4.379643, 8.963734;
4.416859, 8.901866;
4.441429, 8.851020;
4.451415, 8.813584;
4.445172, 8.791695;
4.421449, 8.787110;
4.379510, 8.801073;
4.319233, 8.834185;
4.241176, 8.886320;
4.146579, 8.956582;
4.037300, 9.043351;
3.915701, 9.144386;
3.784490, 9.256982;
3.646570, 9.378141;
3.504895, 9.504748;
3.362358, 9.633707;
3.221715, 9.762055;
3.085533, 9.887021;
2.956165, 10.006075;
2.835743, 10.116934;
2.726180, 10.217564;
2.629182, 10.306163;
2.546261, 10.381145;
2.478756, 10.441117;
2.427842, 10.484862;
2.394550, 10.511317;
2.379779, 10.519557;
2.384304, 10.508782;
2.408785, 10.478307;
2.453771, 10.427554;
2.519706, 10.356048;
2.606927, 10.263412;
2.715662, 10.149366;
2.846035, 10.013730;
2.998053, 9.856425;
3.171610, 9.677475;
3.366474, 9.477017;
3.582281, 9.255306;
3.818523, 9.012730;
4.074524, 8.749829;
4.349424, 8.467314;
4.642144, 8.166105;
4.951340, 7.847372;
5.275351, 7.512597;
5.612124, 7.163653;
5.959119, 6.802911;
6.313183, 6.433392;
6.670399, 6.058952;
7.025897, 5.684539;
7.373629, 5.316505;
7.706128, 4.962952;
8.014261, 4.634053;
8.287033, 4.342115;
8.511621, 4.101041;
8.674151, 3.924675;
8.762072, 3.823851;
8.768206, 3.803049;
8.694119, 3.858724;
8.549751, 3.980695;
8.349656, 4.155558;
8.108902, 4.369826;
7.840667, 4.611659;
7.555522, 4.871346;
7.261616, 5.141167;
6.965166, 5.415044;
6.670937, 5.688184;
6.382629, 5.956778;
6.103160, 6.217772;
5.834869, 6.468690;
5.579658, 6.707506;
5.339092, 6.932543;
5.114475, 7.142405;
4.906897, 7.335918;
4.717278, 7.512091;
4.546395, 7.670083;
4.394907, 7.809180;
4.263368, 7.928770;
4.152243, 8.028339;
4.061919, 8.107449;
3.992708, 8.165737;
3.944855, 8.202907;
3.918540, 8.218727;
3.913879, 8.213024;
3.930922, 8.185689;
3.969653, 8.136678;
4.029985, 8.066010;
4.111753, 7.973780;
4.214706, 7.860162;
4.338495, 7.725419;
4.482664, 7.569919;
4.646626, 7.394146;
4.829646, 7.198726;
5.030809, 6.984452;
5.248989, 6.752318;
5.482801, 6.503561;
5.730544, 6.239723;
5.990134, 5.962720;
6.259010, 5.674937;
6.534028, 5.379352;
6.811329, 5.079687;
7.086192, 4.780597;
7.352880, 4.487885;
7.604511, 4.208715;
7.833004, 3.951762;
8.029179, 3.727156;
8.183150, 3.545982;
8.285160, 3.419111;
8.327031, 3.355282;
8.304046, 3.358932;
8.216479, 3.428858;
8.069745, 3.558588;
7.872953, 3.738278;
7.636795, 3.956968;
7.371781, 4.204234;
7.087244, 4.470994;
6.791008, 4.749701;
6.489436, 5.034230;
6.187631, 5.319652;
5.889679, 5.602005;
5.598862, 5.878089;
5.317835, 6.145303;
5.048763, 6.401514;
4.793423, 6.644965;
4.553288, 6.874190;
4.329577, 7.087966;
4.123301, 7.285265;
3.935292, 7.465224;
3.766218, 7.627128;
3.616602, 7.770390;
3.486819, 7.894547;
3.377102, 7.999254;
3.287537, 8.084289;
3.218061, 8.149556;
3.168460, 8.195088;
3.138363, 8.221055;
3.127250, 8.227769;
3.134451, 8.215691;
3.159152, 8.185431;
3.200398, 8.137757;
3.257099, 8.073594;
3.328025, 7.994033;
3.411798, 7.900338;
3.506880, 7.793960;
3.611554, 7.676553;
3.723899, 7.549991;
3.841768, 7.416396;
3.962758, 7.278159;
4.084200, 7.137961;
4.203149, 6.998784;
4.316407, 6.863904;
4.420575, 6.736855;
4.512147, 6.621348;
4.587670, 6.521130;
4.643953, 6.439782;
4.678320, 6.380451;
4.688876, 6.345550;
4.674729, 6.336476;
4.636107, 6.353418;
4.574354, 6.395304;
4.491773, 6.459915;
4.391396, 6.544135;
4.276703, 6.644266;
4.151366, 6.756347;
4.019046, 6.876416;
3.883239, 7.000698;
3.747188, 7.125723;
3.613833, 7.248374;
3.485797, 7.365904;
3.365391, 7.475923;
3.254632, 7.576364;
3.155264, 7.665460;
3.068786, 7.741703;
2.996479, 7.803812;
2.939424, 7.850713;
2.898526, 7.881507;
2.874526, 7.895460;
2.868010, 7.891987;
2.879423, 7.870646;
2.909060, 7.831135;
2.957070, 7.773298;
3.023447, 7.697130;
3.108011, 7.602798;
3.210396, 7.490653;
3.330021, 7.361264;
3.466058, 7.215451;
3.617393, 7.054329;
3.782573, 6.879363;
3.959746, 6.692438;
4.146582, 6.495936;
4.340182, 6.292825;
4.536975, 6.086758;
4.732608, 5.882154;
4.921845, 5.684251;
5.098524, 5.499067;
5.255635, 5.333233;
5.385641, 5.193598;
5.481150, 5.086603;
5.535958, 5.017454;
5.546240, 4.989296;
5.511425, 5.002684;
5.434288, 5.055556;
5.320214, 5.143736;
5.176020, 5.261728;
5.008838, 5.403509;
4.825366, 5.563141;
4.631501, 5.735130;
4.432253, 5.914594;
4.231804, 6.097300;
4.033625, 6.279623;
3.840600, 6.458486;
3.655132, 6.631280;
3.479239, 6.795797;
3.314618, 6.950163;
3.162706, 7.092786;
3.024725, 7.222310;
2.901713, 7.337580;
2.794552, 7.437608;
2.703994, 7.521551;
2.630673, 7.588690;
2.575121, 7.638413;
2.537781, 7.670206;
2.519011, 7.683638;
2.519093, 7.678358;
2.538238, 7.654087;
2.576582, 7.610616;
2.634193, 7.547807;
2.711066, 7.465591;
2.807118, 7.363972;
2.922184, 7.243034;
3.056007, 7.102949;
3.208224, 6.943986;
3.378355, 6.766527;
3.565776, 6.571090;
3.769700, 6.358350;
3.989138, 6.129174;
4.222858, 5.884664;
4.469334, 5.626214;
4.726676, 5.355578;
4.992547, 5.074965;
5.264062, 4.787149;
5.537667, 4.495621;
5.809001, 4.204755;
6.072752, 3.920002;
6.322529, 3.648074;
6.550794, 3.397050;
6.748925, 3.176300;
6.907528, 2.996016;
7.017180, 2.866188;
7.069746, 2.794996;
7.060138, 2.786995;
6.987829, 2.841914;
6.857182, 2.954775;
6.676315, 3.117275;
6.455203, 3.319644;
6.203954, 3.552168;
5.931756, 3.806071;
5.646444, 4.073842;
5.354478, 4.349235;
5.061099, 4.627132;
4.770541, 4.903353;
4.486232, 5.174482;
4.210963, 5.437713;
3.947028, 5.690726;
3.696326, 5.931588;
3.460443, 6.158676;
3.240712, 6.370618;
3.038263, 6.566241;
2.854054, 6.744543;
2.688900, 6.904659;
2.543489, 7.045847;
2.418394, 7.167470;
2.314079, 7.268995;
2.230901, 7.349984;
2.169105, 7.410099;
2.128823, 7.449108;
2.110065, 7.466884;
2.112715, 7.463419;
2.136527, 7.438827;
2.181118, 7.393346;
2.245972, 7.327349;
2.330431, 7.241344;
2.433696, 7.135982;
2.554817, 7.012062;
2.692681, 6.870548;
2.845994, 6.712585;
3.013252, 6.539523;
3.192712, 6.352955;
3.382347, 6.154751;
3.579801, 5.947114;
3.782334, 5.732638;
3.986767, 5.514368;
4.189437, 5.295862;
4.386162, 5.081248;
4.572256, 4.875234;
4.742607, 4.683065;
4.891854, 4.510379;
5.014700, 4.362907;
5.106368, 4.246014;
5.163147, 4.164095;
5.182915, 4.119948;
5.165489, 4.114313;
5.112653, 4.145741;
5.027856, 4.210863;
4.915694, 4.304947;
4.781346, 4.422550;
4.630092, 4.558087;
4.466981, 4.706230;
4.296632, 4.862133;
4.123154, 5.021527;
3.950127, 5.180724;
3.780636, 5.336583;
3.617308, 5.486446;
3.462373, 5.628080;
3.317709, 5.759614;
3.184892, 5.879489;
3.065233, 5.986415;
2.959812, 6.079330;
2.869504, 6.157378;
2.794996, 6.219881;
2.736803, 6.266330;
2.695276, 6.296372;
2.670603, 6.309805;
2.662811, 6.306580;
2.671761, 6.286805;
2.697139, 6.250749;
2.738445, 6.198859;
2.794980, 6.131774;
2.865822, 6.050343;
2.949812, 5.955654;
3.045520, 5.849059;
3.151214, 5.732213;
3.264823, 5.607114;
3.383898, 5.476145;
3.505569, 5.342117;
3.626509, 5.208301;
3.742924, 5.078444;
3.850572, 4.956730;
3.944859, 4.847685;
4.021033, 4.755970;
4.074512, 4.686069;
4.101345, 4.641855;
4.098736, 4.626128;
4.065509, 4.640213;
4.002329, 4.683764;
3.911586, 4.754833;
3.796989, 4.850195;
3.663015, 4.965795;
3.514394, 5.097211;
3.355720, 5.240016;
3.191230, 5.390023;
3.024697, 5.543422;
2.859414, 5.696826;
2.698225, 5.847274;
2.543562, 5.992205;
2.397507, 6.129417;
2.261830, 6.257022;
2.138039, 6.373408;
2.027415, 6.477203;
1.931037, 6.567240;
1.849814, 6.642535;
1.784501, 6.702261;
1.735716, 6.745732;
1.703951, 6.772391;
1.689586, 6.781793;
1.692891, 6.773603;
1.714036, 6.747584;
1.753093, 6.703598;
1.810034, 6.641600;
1.884734, 6.561643;
1.976960, 6.463878;
2.086373, 6.348568;
2.212507, 6.216088;
2.354757, 6.066955;
2.512357, 5.901836;
2.684354, 5.721587;
2.869566, 5.527283;
3.066546, 5.320268;
3.273520, 5.102212;
3.488321, 4.875185;
3.708307, 4.641749;
3.930271, 4.405060;
4.150337, 4.168987;
4.363864, 3.938232;
4.565370, 3.718418;
4.748529, 3.516100;
4.906286, 3.338628;
5.031207, 3.193737;
5.116134, 3.088814;
5.155176, 3.029853;
5.144853, 3.020351;
5.084942, 3.060558;
4.978604, 3.147446;
4.831673, 3.275420;
4.651485, 3.437422;
4.445760, 3.625985;
4.221806, 3.833967;
3.986126, 4.054950;
3.744294, 4.283375;
3.500991, 4.514526;
3.260117, 4.744444;
3.024908, 4.969820;
2.798056, 5.187888;
2.581809, 5.396329;
2.378052, 5.593192;
2.188375, 5.776828;
2.014123, 5.945834;
1.856442, 6.099014;
1.716308, 6.235340;
1.594553, 6.353930;
1.491884, 6.454028;
1.408894, 6.534986;
1.346070, 6.596261;
1.303792, 6.637411;
1.282336, 6.658090;
1.281867, 6.658056;
1.302438, 6.637173;
1.343984, 6.595412;
1.406324, 6.532851;
1.489158, 6.449682;
1.592073, 6.346206;
1.714532, 6.222838;
1.855874, 6.080114;
2.015300, 5.918702;
2.191855, 5.739420;
2.384401, 5.543262;
2.591580, 5.331430;
2.811771, 5.105386;
3.043023, 4.866908;
3.282991, 4.618169;
3.528834, 4.361835;
3.777117, 4.101182;
4.023686, 3.840243;
4.263544, 3.583963;
4.490759, 3.338343;
4.698426, 3.110532;
4.878785, 2.908751;
5.023589, 2.741927;
5.124833, 2.618864;
5.175900, 2.546942;
5.172901, 2.530592;
5.115691, 2.570193;
5.007981, 2.661984;
4.856446, 2.799072;
4.669317, 2.972967;
4.455090, 3.174956;
4.221684, 3.396966;
3.976046, 3.631951;
3.724059, 3.873962;
3.470617, 4.118056;
3.219760, 4.360156;
2.974813, 4.596901;
2.738525, 4.825514;
2.513169, 5.043694;
2.300635, 5.249524;
2.102500, 5.441404;
1.920076, 5.617997;
1.754460, 5.778182;
1.606556, 5.921027;
1.477106, 6.045764;
1.366704, 6.151767;
1.275810, 6.238542;
1.204756, 6.305717;
1.153757, 6.353034;
1.122917, 6.380342;
1.112229, 6.387594;
1.121588, 6.374838;
1.150790, 6.342217;
1.199536, 6.289959;
1.267434, 6.218386;
1.353994, 6.127910;
1.458613, 6.019049;
1.580568, 5.892437;
1.718986, 5.748849;
1.872824, 5.589224;
2.040828, 5.414703;
2.221494, 5.226672;
2.413019, 5.026811;
2.613237, 4.817161;
2.819556, 4.600199;
3.028876, 4.378922;
3.237521, 4.156946;
3.441168, 3.938587;
3.634822, 3.728928;
3.812851, 3.533804;
3.969149, 3.359664;
4.097467, 3.213210;
4.191967, 3.100787;
4.247970, 3.027530;
4.262744, 2.996478;
4.236067, 3.007965;
4.170293, 3.059577;
4.069884, 3.146699;
3.940606, 3.263395;
3.788710, 3.403285;
3.620304, 3.560178;
3.440981, 3.728448;
3.255652, 3.903169;
3.068526, 4.080134;
2.883156, 4.255796;
2.702517, 4.427182;
2.529089, 4.591808;
2.364936, 4.747606;
2.211773, 4.892850;
2.071018, 5.026105;
1.943839, 5.146184;
1.831184, 5.252112;
1.733811, 5.343103;
1.652299, 5.418537;
1.587072, 5.477950;
1.538396, 5.521025;
1.506394, 5.547584;
1.491041, 5.557588;
1.492173, 5.551134;
1.509485, 5.528457;
1.542528, 5.489928;
1.590708, 5.436060;
1.653284, 5.367513;
1.729353, 5.285105;
1.817843, 5.189823;
1.917491, 5.082843;
2.026824, 4.965550;
2.144132, 4.839566;
2.267445, 4.706780;
2.394501, 4.569377;
2.522729, 4.429862;
2.649237, 4.291079;
2.770828, 4.156207;
2.884045, 4.028719;
2.985270, 3.912303;
3.070886, 3.810703;
3.137505, 3.727501;
3.182259, 3.665826;
3.203098, 3.628035;
3.199048, 3.615432;
3.170346, 3.628095;
3.118415, 3.664856;
3.045682, 3.723461;
2.955291, 3.800845;
2.850792, 3.893454;
2.735862, 3.997546;
2.614096, 4.109429;
2.488867, 4.225614;
2.363255, 4.342913;
2.240012, 4.458471;
2.121564, 4.569774;
2.010025, 4.674632;
1.907225, 4.771152;
1.814729, 4.857714;
1.733870, 4.932938;
1.665769, 4.995661;
1.611353, 5.044915;
1.571375, 5.079908;
1.546423, 5.100010;
1.536929, 5.104745;
1.543178, 5.093786;
1.565301, 5.066946;
1.603286, 5.024187;
1.656963, 4.965617;
1.726002, 4.891501;
1.809900, 4.802273;
1.907966, 4.698551;
2.019298, 4.581157;
2.142760, 4.451153;
2.276941, 4.309868;
2.420119, 4.158949;
2.570207, 4.000416;
2.724699, 3.836718;
2.880608, 3.670806;
3.034411, 3.506189;
3.182011, 3.346987;
3.318731, 3.197921;
3.439398, 3.064237;
3.538538, 2.951487;
3.610749, 2.865138;
3.651259, 2.810011;
3.656619, 2.789614;
3.625332, 2.805567;
3.558179, 2.857303;
3.458085, 2.942199;
3.329575, 3.056062;
3.178045, 3.193787;
3.009106, 3.349969;
2.828116, 3.519358;
2.639934, 3.697122;
2.448821, 3.878962;
2.258444, 4.061136;
2.071929, 4.240425;
1.891926, 4.414080;
1.720681, 4.579760;
1.560089, 4.735476;
1.411753, 4.879541;
1.277021, 5.010529;
1.157023, 5.127239;
1.052693, 5.228669;
0.964788, 5.313998;
0.893905, 5.382568;
0.840491, 5.433871;
0.804854, 5.467540;
0.787172, 5.483336;
0.787513, 5.481130;
0.805841, 5.460896;
0.842036, 5.422690;
0.895904, 5.366639;
0.967177, 5.292942;
1.055516, 5.201864;
1.160498, 5.093749;
1.281603, 4.969031;
1.418191, 4.828257;
1.569480, 4.672105;
1.734512, 4.501421;
1.912112, 4.317255;
2.100846, 4.120907;
2.298955, 3.913992;
2.504287, 3.698511;
2.714206, 3.476951;
2.925494, 3.252403;
3.134234, 3.028701;
3.335699, 2.810585;
3.524266, 2.603847;
3.693404, 2.415428;
3.835802, 2.253344;
3.943737, 2.126302;
4.009783, 2.042814;
4.027880, 2.009790;
3.994626, 2.030919;
3.910280, 2.105566;
3.778899, 2.228879;
3.607452, 2.393077;
3.404380, 2.589163;
3.178275, 2.808313;
2.937023, 3.042644;
2.687420, 3.285472;
2.435126, 3.531279;
2.184763, 3.775564;
1.940083, 4.014664;
1.704134, 4.245586;
1.479400, 4.465871;
1.267926, 4.673483;
1.071404, 4.866720;
0.891249, 5.044147;
0.728651, 5.204547;
0.584620, 5.346872;
0.460010, 5.470228;
0.355529, 5.573851;
0.271733, 5.657125;
0.208970, 5.719622;
0.167268, 5.761216;
0.146198, 5.782226;
0.144844, 5.783469;
0.162109, 5.765987;
0.197136, 5.730633;
0.249433, 5.677899;
0.318738, 5.608023;
0.404865, 5.521143;
0.507606, 5.417401;
0.626678, 5.296997;
0.761695, 5.160228;
0.912148, 5.007501;
1.077387, 4.839359;
1.256594, 4.656499;
1.448758, 4.459803;
1.652635, 4.250367;
1.866701, 4.029554;
2.089095, 3.799047;
2.317541, 3.560927;
2.549260, 3.317771;
2.780855, 3.072778;
3.008190, 2.829916;
3.226268, 2.594104;
3.429137, 2.371391;
3.609880, 2.169093;
3.760783, 1.995776;
3.873768, 1.860904;
3.941186, 1.773918;
3.956952, 1.742613;
3.917827, 1.771153;
3.824396, 1.858604;
3.681206, 1.998995;
3.495885, 2.182948;
3.277662, 2.399873;
3.035934, 2.639655;
2.779311, 2.893504;
2.515183, 3.154158;
2.249651, 3.415764;
1.987648, 3.673637;
1.733139, 3.924029;
1.489308, 4.163916;
1.258730, 4.390834;
1.043511, 4.602752;
0.845395, 4.797964;
0.665855, 4.975016;
0.506162, 5.132630;
0.367449, 5.269650;
0.250764, 5.384978;
0.157128, 5.477507;
0.087564, 5.546052;
0.042956, 5.589389;
0.022771, 5.607273;
0.026802, 5.605939;
0.041008, 5.591117;
0.060504, 5.565473;
0.096013, 5.526472;
0.147976, 5.472438;
0.216556, 5.402459;
0.301766, 5.316080;
0.403510, 5.213131;
0.521578, 5.093650;
0.655643, 4.957841;
0.805242, 4.806060;
0.969765, 4.638818;
1.148434, 4.456792;
1.340278, 4.260846;
1.544097, 4.052059;
1.758427, 3.831764;
1.981479, 3.601607;
2.211072, 3.363613;
2.444554, 3.120275;
2.678691, 2.874673;
2.909557, 2.630618;
3.132408, 2.392814;
3.341577, 2.167047;
3.530425, 1.960339;
3.691426, 1.780990;
3.816470, 1.638341;
3.897493, 1.542028;
3.927481, 1.500530;
3.901814, 1.519159;
3.819591, 1.598269;
3.684304, 1.732798;
3.503278, 1.913612;
3.286124, 2.129785;
3.042999, 2.370595;
2.783336, 2.626625;
2.515232, 2.890094;
2.245328, 3.154759;
1.978935, 3.415667;
1.720265, 3.668889;
1.472661, 3.911283;
1.238794, 4.140309;
1.020829, 4.353885;
0.820545, 4.550273;
0.639443, 4.727985;
0.478822, 4.885705;
0.339857, 5.022221;
0.223674, 5.136330;
0.131442, 5.226730;
0.064481, 5.291822;
0.024254, 5.329422;
0.015072, 5.342352;
0.025890, 5.337965;
0.041991, 5.321453;
0.057447, 5.296477;
0.083786, 5.261184;
0.127564, 5.212560;
0.188271, 5.149062;
0.265532, 5.069955;
0.359045, 4.974941;
0.468506, 4.863985;
0.593547, 4.737248;
0.733704, 4.595054;
0.888379, 4.437888;
1.056820, 4.266400;
1.238089, 4.081423;
1.431030, 3.884005;
1.634232, 3.675440;
1.845973, 3.457322;
2.064158, 3.231612;
2.286244, 3.000718;
2.509140, 2.767605;
2.729109, 2.535924;
2.941645, 2.310162;
3.141385, 2.095805;
3.322053, 1.899474;
3.476533, 1.728948;
3.597122, 1.592947;
3.676089, 1.500459;
3.706596, 1.459461;
3.683962, 1.475132;
3.606977, 1.548202;
3.478637, 1.674412;
3.305720, 1.845549;
3.097359, 2.051450;
2.863359, 2.281892;
2.612930, 2.527725;
2.354041, 2.781281;
