0.008403, 24.922828;
0.033614, 24.906021;
0.062693, 24.876921;
0.105314, 24.834252;
0.162164, 24.777323;
0.233616, 24.705757;
0.319852, 24.619374;
0.420922, 24.518122;
0.536778, 24.402049;
0.667295, 24.271283;
0.812282, 24.126016;
0.971495, 23.966497;
1.144639, 23.793023;
1.331377, 23.605935;
1.531336, 23.405611;
1.744113, 23.192459;
1.969276, 22.966916;
2.206372, 22.729439;
2.454933, 22.480504;
2.714478, 22.220596;
2.984517, 21.950210;
3.264558, 21.669843;
3.554110, 21.379991;
3.852684, 21.081147;
4.159798, 20.773794;
4.474980, 20.458410;
4.797765, 20.135458;
5.127703, 19.805392;
5.464353, 19.468653;
5.807286, 19.125668;
6.156084, 18.776856;
6.510339, 18.422624;
6.869648, 18.063372;
7.233618, 17.699494;
7.601858, 17.331378;
7.973979, 16.959411;
8.349593, 16.583981;
8.728308, 16.205478;
9.109729, 15.824294;
9.493457, 15.440830;
9.879084, 15.055493;
10.266192, 14.668699;
10.654356, 14.280873;
11.043142, 13.892450;
11.432104, 13.503876;
11.820788, 13.115604;
12.208732, 12.728099;
12.595467, 12.341829;
12.980519, 11.957270;
13.363411, 11.574898;
13.743666, 11.195191;
14.120812, 10.818623;
14.494380, 10.445660;
14.863915, 10.076760;
15.228972, 9.712366;
15.589124, 9.352903;
15.943964, 8.998777;
16.293105, 8.650373;
16.636186, 8.308050;
16.972868, 7.972143;
17.302837, 7.642963;
17.625803, 7.320797;
17.941493, 7.005911;
18.249656, 6.698554;
18.550050, 6.398963;
18.842442, 6.107367;
19.126601, 5.823993;
19.402289, 5.549073;
19.669259, 5.282853;
19.927244, 5.025596;
20.175953, 4.777588;
20.415066, 4.539147;
20.644229, 4.310626;
20.863049, 4.092412;
21.071099, 3.884933;
21.267910, 3.688653;
21.452985, 3.504067;
21.625796, 3.331698;
21.785799, 3.172086;
21.932447, 3.025775;
22.065201, 2.893296;
22.183553, 2.775150;
22.287044, 2.671790;
22.375283, 2.583596;
22.447969, 2.510861;
22.504910, 2.453774;
22.546032, 2.412402;
22.571388, 2.386691;
22.581159, 2.376462;
22.575649, 2.381421;
22.555264, 2.401170;
22.520501, 2.435226;
22.471917, 2.483049;
22.410104, 2.544064;
22.335662, 2.617687;
22.249173, 2.703353;
22.151174, 2.800535;
22.042139, 2.908772;
21.922457, 3.027679;
21.792422, 3.156969;
21.652217, 3.296459;
21.501911, 3.446080;
21.341451, 3.605883;
21.170663, 3.776040;
20.989255, 3.956838;
20.796821, 4.148680;
20.592858, 4.352065;
20.376778, 4.567572;
20.147938, 4.795836;
19.905669, 5.037513;
19.649319, 5.293239;
19.378296, 5.563583;
19.092125, 5.848995;
18.790500, 6.149757;
18.473330, 6.465934;
18.140784, 6.797345;
17.793305, 7.143547;
17.431615, 7.503831;
17.056691, 7.877254;
16.669723, 8.262671;
16.272061, 8.658790;
15.865152, 9.064223;
15.450482, 9.477539;
15.029529, 9.897311;
14.603716, 10.322153;
14.174388, 10.750748;
13.742787, 11.181865;
13.310050, 11.614372;
12.877199, 12.047242;
12.445145, 12.479546;
12.014694, 12.910459;
11.586557, 13.339248;
11.161351, 13.765269;
10.739615, 14.187956;
10.321815, 14.606815;
9.908355, 15.021417;
9.499585, 15.431385;
9.095810, 15.836391;
8.697300, 16.236143;
8.304297, 16.630382;
7.917023, 17.018866;
7.535689, 17.401372;
7.160503, 17.777678;
6.791677, 18.147564;
6.429432, 18.510800;
6.074007, 18.867142;
5.725660, 19.216328;
5.384677, 19.558072;
5.051368, 19.892060;
4.726072, 20.217954;
4.409156, 20.535389;
4.101013, 20.843973;
3.802055, 21.143295;
3.512714, 21.432926;
3.233434, 21.712425;
2.964662, 21.981346;
2.706849, 22.239243;
2.460433, 22.485678;
2.225844, 22.720226;
2.003490, 22.942481;
1.793755, 23.152062;
1.596993, 23.348617;
1.413525, 23.531829;
1.243635, 23.701416;
1.087567, 23.857139;
0.945522, 23.998799;
0.817657, 24.126242;
0.704079, 24.239364;
0.604849, 24.338110;
0.519972, 24.422476;
0.449396, 24.492520;
0.393011, 24.548358;
0.350639, 24.590169;
0.322043, 24.618200;
0.306930, 24.632748;
0.304970, 24.634149;
0.315820, 24.622752;
0.339148, 24.598892;
0.374646, 24.562882;
0.422037, 24.515001;
0.481070, 24.455503;
0.551516, 24.384620;
0.633160, 24.302569;
0.725799, 24.209556;
0.829243, 24.105775;
0.943308, 23.991411;
1.067826, 23.866636;
1.202639, 23.731610;
1.347603, 23.586475;
1.502593, 23.431360;
1.667498, 23.266375;
1.842223, 23.091611;
2.026692, 22.907145;
2.220843, 22.713034;
2.424628, 22.509323;
2.638014, 22.296041;
2.860975, 22.073210;
3.093495, 21.840840;
3.335562, 21.598940;
3.587164, 21.347515;
3.848289, 21.086574;
4.118920, 20.816129;
4.399030, 20.536203;
4.688581, 20.246830;
4.987520, 19.948061;
5.295775, 19.639963;
5.613251, 19.322629;
5.939831, 18.996175;
6.275367, 18.660747;
6.619681, 18.316520;
6.972560, 17.963708;
7.333754, 17.602560;
7.702970, 17.233367;
8.079876, 16.856465;
8.464087, 16.472235;
8.855174, 16.081112;
9.252651, 15.683581;
9.655978, 15.280185;
10.064560, 14.871525;
10.477739, 14.458261;
10.894797, 14.041119;
11.314956, 13.620883;
11.737377, 13.198403;
12.161161, 12.774587;
12.585355, 12.350402;
13.008957, 11.926863;
13.430922, 11.505030;
13.850176, 11.085997;
14.265623, 10.670873;
14.676166, 10.260773;
15.080721, 9.856795;
15.478239, 9.460001;
15.867722, 9.071395;
16.248244, 8.691907;
16.618967, 8.322370;
16.979159, 7.963507;
17.328196, 7.615924;
17.665574, 7.280106;
17.990900, 6.956417;
18.303886, 6.645116;
18.604339, 6.346364;
18.892140, 6.060249;
19.167225, 5.786803;
19.429566, 5.526023;
19.679154, 5.277891;
19.915980, 5.042387;
20.140023, 4.819507;
20.351245, 4.609262;
20.549586, 4.411687;
20.734967, 4.226836;
20.907299, 4.054774;
21.066492, 3.895570;
21.212471, 3.749283;
21.345188, 3.615948;
21.464641, 3.495564;
21.570883, 3.388085;
21.664032, 3.293407;
21.744278, 3.211369;
21.811878, 3.141751;
21.867155, 3.084277;
21.910484, 3.038622;
21.942283, 3.004425;
21.962997, 2.981299;
21.973080, 2.968842;
21.972987, 2.966652;
21.963152, 2.974336;
21.943983, 2.991526;
21.915849, 3.017880;
21.879073, 3.053100;
21.833924, 3.096931;
21.780610, 3.149170;
21.719280, 3.209673;
21.650011, 3.278357;
21.572815, 3.355206;
21.487629, 3.440270;
21.394313, 3.533675;
21.292653, 3.635620;
21.182357, 3.746383;
21.063051, 3.866320;
20.934285, 3.995865;
20.795532, 4.135531;
20.646193, 4.285904;
20.485601, 4.447636;
20.313039, 4.621438;
20.127747, 4.808057;
19.928948, 5.008264;
19.715872, 5.222819;
19.487790, 5.452442;
19.244050, 5.697771;
18.984119, 5.959324;
18.707624, 6.237453;
18.414394, 6.532307;
18.104487, 6.843799;
17.778215, 7.171589;
17.436147, 7.515081;
17.079098, 7.873435;
16.708105, 8.245594;
16.324390, 8.630323;
15.929313, 9.026255;
15.524327, 9.431936;
15.110935, 9.845868;
14.690645, 10.266553;
14.264942, 10.692518;
13.835263, 11.122341;
13.402979, 11.554669;
12.969379, 11.988226;
12.535673, 12.421819;
12.102981, 12.854344;
11.672337, 13.284780;
11.244690, 13.712189;
10.820910, 14.135716;
10.401787, 14.554579;
9.988036, 14.968071;
9.580303, 15.375554;
9.179168, 15.776456;
8.785143, 16.170268;
8.398682, 16.556542;
8.020179, 16.934887;
7.649968, 17.304970;
7.288332, 17.666511;
6.935499, 18.019284;
6.591645, 18.363112;
6.256899, 18.697866;
5.931344, 19.023463;
5.615023, 19.339861;
5.307941, 19.647049;
5.010076, 19.945049;
4.721385, 20.233899;
4.441816, 20.513645;
4.171318, 20.784328;
3.909857, 21.045973;
3.657429, 21.298571;
3.414074, 21.542065;
3.179892, 21.776340;
2.955047, 22.001214;
2.739778, 22.216434;
2.534394, 22.421678;
2.339270, 22.616561;
2.154835, 22.800653;
1.981553, 22.973489;
1.819905, 23.134594;
1.670367, 23.283501;
1.533389, 23.419771;
1.409380, 23.543007;
1.298691, 23.652871;
1.201607, 23.749089;
1.118337, 23.831464;
1.049012, 23.899873;
0.993688, 23.954268;
0.952349, 23.994674;
0.924912, 24.021178;
0.911236, 24.033927;
0.911134, 24.033113;
0.924383, 24.018964;
0.950734, 23.991734;
0.989923, 23.951691;
1.041677, 23.899112;
1.105725, 23.834276;
1.181800, 23.757451;
1.269649, 23.668897;
1.369034, 23.568857;
1.479735, 23.457553;
1.601558, 23.335182;
1.734333, 23.201917;
1.877918, 23.057898;
2.032196, 22.903241;
2.197082, 22.738030;
2.372513, 22.562321;
2.558454, 22.376147;
2.754889, 22.179515;
2.961823, 21.972416;
3.179274, 21.754823;
3.407272, 21.526701;
3.645853, 21.288007;
3.895057, 21.038696;
4.154920, 20.778726;
4.425473, 20.508063;
4.706738, 20.226682;
4.998722, 19.934574;
5.301414, 19.631749;
5.614782, 19.318240;
5.938767, 18.994106;
6.273283, 18.659436;
6.618209, 18.314354;
6.973386, 17.959022;
7.338616, 17.593643;
7.713651, 17.218470;
8.098196, 16.833805;
8.491894, 16.440009;
8.894330, 16.037507;
9.305015, 15.626794;
9.723387, 15.208443;
10.148798, 14.783113;
10.580506, 14.351556;
11.017668, 13.914631;
11.459331, 13.473308;
11.904419, 13.028679;
12.351730, 12.581973;
12.799923, 12.134555;
13.247515, 11.687938;
13.692877, 11.243783;
14.134240, 10.803897;
14.569699, 10.370218;
14.997239, 9.944796;
15.414757, 9.529757;
15.820117, 9.127252;
16.211200, 8.739388;
16.585986, 8.368149;
16.942640, 8.015302;
17.279605, 7.682298;
17.595694, 7.370190;
17.890165, 7.079567;
18.162766, 6.810521;
18.413750, 6.562654;
18.643839, 6.335125;
18.854161, 6.126726;
19.046158, 5.935978;
19.221481, 5.761235;
19.381888, 5.600775;
19.529150, 5.452891;
19.664981, 5.315944;
19.790978, 5.188422;
19.908588, 5.068963;
20.019085, 4.956373;
20.123559, 4.849637;
20.222915, 4.747917;
20.317878, 4.650544;
20.409004, 4.557016;
20.496689, 4.466979;
20.581182, 4.380222;
20.662600, 4.296658;
20.740940, 4.216316;
20.816098, 4.139322;
20.887876, 4.065890;
20.956004, 3.996304;
21.020151, 3.930903;
21.079937, 3.870071;
21.134952, 3.814221;
21.184763, 3.763781;
21.228932, 3.719182;
21.267020, 3.680850;
21.298603, 3.649194;
21.323274, 3.624603;
21.340647, 3.607436;
21.350362, 3.598031;
21.352077, 3.596701;
21.345467, 3.603744;
21.330211, 3.619456;
21.305982, 3.644146;
21.272424, 3.678155;
21.229135, 3.721883;
21.175641, 3.775817;
21.111369, 3.840562;
21.035612, 3.916878;
20.947501, 4.005715;
20.845967, 4.108249;
20.729709, 4.225917;
20.597161, 4.360432;
20.446474, 4.513790;
20.275508, 4.688238;
20.081863, 4.886195;
19.862959, 5.110114;
19.616205, 5.362275;
19.339261, 5.644521;
19.030392, 5.957971;
18.688841, 6.302774;
18.315121, 6.677986;
17.911083, 7.081593;
17.479755, 7.510701;
17.024986, 7.961816;
16.551022, 8.431153;
16.062138, 8.914901;
15.562378, 9.409411;
15.055405, 9.911311;
14.544457, 10.417560;
14.032345, 10.925457;
13.521499, 11.432625;
13.014004, 11.936983;
12.511662, 12.436714;
12.016023, 12.930233;
11.528435, 13.416153;
11.050064, 13.893265;
10.581929, 14.360508;
10.124917, 14.816957;
9.679800, 15.261800;
9.247251, 15.694329;
8.827852, 16.113929;
8.422104, 16.520069;
8.030433, 16.912294;
7.653192, 17.290221;
7.290671, 17.653534;
6.943094, 18.001983;
6.610625, 18.335379;
6.293365, 18.653598;
5.991354, 18.956573;
5.704573, 19.244304;
5.432939, 19.516848;
5.176308, 19.774332;
4.934469, 20.016943;
4.707148, 20.244940;
4.494000, 20.458648;
4.294614, 20.658465;
4.108509, 20.844859;
3.935135, 21.018373;
3.773873, 21.179619;
3.624041, 21.329276;
3.484899, 21.468090;
3.355656, 21.596858;
3.235487, 21.716420;
3.123545, 21.827643;
3.018982, 21.931397;
2.920981, 22.028530;
2.828776, 22.119836;
2.741690, 22.206027;
2.659160, 22.287697;
2.580766, 22.365293;
2.506251, 22.439096;
2.435531, 22.509207;
2.368692, 22.575548;
2.305984, 22.637872;
2.247793, 22.695791;
2.194614, 22.748800;
2.147020, 22.796317;
2.105626, 22.837713;
2.071059, 22.872349;
2.043931, 22.899598;
2.024818, 22.918873;
2.014243, 22.929638;
2.012665, 22.931422;
2.020475, 22.923823;
2.037989, 22.906513;
2.065454, 22.879236;
2.103045, 22.841806;
2.150874, 22.794103;
2.208991, 22.736066;
2.277396, 22.667693;
2.356037, 22.589026;
2.444827, 22.500151;
2.543642, 22.401189;
2.652337, 22.292286;
2.770744, 22.173611;
2.898687, 22.045343;
3.035984, 21.907670;
3.182455, 21.760778;
3.337931, 21.604844;
3.502253, 21.440033;
3.675285, 21.266493;
3.856910, 21.084345;
4.047040, 20.893688;
4.245616, 20.694588;
4.452607, 20.487082;
4.668015, 20.271177;
4.891869, 20.046847;
5.124227, 19.814041;
5.365171, 19.572680;
5.614807, 19.322663;
5.873258, 19.063871;
6.140661, 18.796169;
6.417161, 18.519415;
6.702911, 18.233462;
6.998058, 17.938160;
7.302750, 17.633370;
7.617120, 17.318957;
7.941287, 16.994805;
8.275352, 16.660817;
8.619388, 16.316918;
8.973443, 15.963065;
9.337526, 15.599247;
9.711610, 15.225493;
10.095622, 14.841873;
10.489439, 14.448510;
10.892884, 14.045580;
11.305714, 13.633321;
11.727620, 13.212042;
12.158211, 12.782128;
12.597014, 12.344050;
13.043454, 11.898379;
13.496850, 11.445794;
13.956395, 10.987099;
14.421145, 10.523239;
14.889998, 10.055319;
15.361673, 9.584628;
15.834690, 9.112661;
16.307335, 8.641150;
16.777638, 8.172101;
17.243336, 7.707824;
17.701835, 7.250976;
18.150179, 6.804599;
18.585016, 6.372153;
19.002577, 5.957540;
19.398667, 5.565103;
19.768700, 5.199574;
20.107776, 4.865967;
20.410843, 4.569362;
20.672961, 4.314578;
20.889703, 4.105718;
21.057659, 3.945646;
21.175003, 3.835494;
21.241943, 3.774343;
21.260902, 3.759223;
21.236310, 3.785440;
21.174053, 3.847149;
21.080771, 3.937995;
20.963199, 4.051659;
20.827679, 4.182242;
20.679889, 4.324468;
20.524731, 4.473762;
20.366342, 4.626235;
20.208150, 4.778635;
20.052970, 4.928267;
19.903087, 5.072925;
19.760337, 5.210823;
19.626178, 5.340530;
19.501742, 5.460929;
19.387882, 5.571174;
19.285204, 5.670657;
19.194095, 5.758985;
19.114740, 5.835962;
19.047140, 5.901577;
18.991116, 5.955990;
18.946317, 5.999536;
18.912221, 6.032714;
18.888135, 6.056196;
18.873189, 6.070825;
18.866333, 6.077625;
18.866326, 6.077807;
18.871732, 6.072778;
18.880908, 6.064150;
18.892001, 6.053748;
18.902939, 6.043615;
18.911434, 6.036014;
18.914993, 6.033417;
18.910934, 6.038487;
18.896427, 6.054042;
18.868553, 6.082994;
18.824378, 6.128271;
18.761068, 6.192705;
18.676007, 6.278908;
18.566945, 6.389130;
18.432124, 6.525123;
18.270393, 6.688033;
18.081276, 6.878333;
17.864985, 7.095817;
17.622366, 7.339647;
17.354804, 7.608457;
17.064089, 7.900485;
16.752279, 8.213712;
16.421553, 8.545995;
16.074106, 8.895186;
15.712047, 9.259215;
15.337340, 9.636154;
14.951756, 10.024262;
14.556847, 10.422002;
14.153944, 10.828047;
13.744149, 11.241279;
13.328360, 11.660767;
12.907281, 12.085741;
12.481461, 12.515565;
12.051334, 12.949686;
11.617264, 13.387594;
11.179603, 13.828769;
10.738753, 14.272637;
10.295220, 14.718523;
9.849667, 15.165623;
9.402942, 15.612989;
8.956091, 16.059530;
8.510346, 16.504024;
8.067089, 16.945154;
7.627812, 17.381534;
7.194060, 17.811755;
6.767388, 18.234410;
6.349319, 18.648129;
5.941312, 19.051597;
5.544739, 19.443569;
5.160878, 19.822880;
4.790905, 20.188450;
4.435894, 20.539279;
4.096820, 20.874453;
3.774564, 21.193136;
3.469922, 21.494563;
3.183608, 21.778044;
2.916259, 22.042949;
2.668444, 22.288714;
2.440668, 22.514830;
2.233371, 22.720843;
2.046936, 22.906355;
1.881690, 23.071017;
1.737902, 23.214535;
1.615783, 23.336666;
1.515487, 23.437224;
1.437111, 23.516078;
1.380688, 23.573155;
1.346195, 23.608442;
1.333551, 23.621980;
1.342623, 23.613865;
1.373231, 23.584242;
1.425151, 23.533297;
1.498129, 23.461253;
1.591874, 23.368371;
1.706067, 23.254940;
1.840355, 23.121287;
1.994345, 22.967776;
2.167601, 22.794822;
2.359630, 22.602894;
2.569871, 22.392532;
2.797676, 22.164365;
3.042294, 21.919128;
3.302846, 21.657692;
3.578295, 21.381092;
3.867409, 21.090566;
4.168721, 20.787608;
4.480472, 20.474026;
4.800554, 20.152009;
5.126436, 19.824220;
5.455089, 19.493877;
5.782917, 19.164840;
6.105696, 18.841667;
6.418578, 18.529588;
6.716171, 18.234347;
6.992795, 17.961812;
7.242979, 17.717343;
7.462211, 17.504945;
7.647824, 17.326461;
7.799662, 17.181127;
7.920201, 17.065720;
8.014029, 16.975244;
8.086958, 16.903824;
8.145140, 16.845486;
8.194437, 16.794677;
8.240071, 16.746504;
8.286510, 16.696800;
8.337483, 16.642082;
8.396064, 16.579474;
8.464771, 16.506609;
8.545659, 16.421549;
8.640405, 16.322705;
8.750374, 16.208781;
8.876678, 16.078724;
9.020214, 15.931681;
9.181698, 15.766973;
9.361692, 15.584068;
9.560620, 15.382565;
9.778787, 15.162177;
10.016388, 14.922723;
10.273514, 14.664119;
10.550160, 14.386373;
10.846225, 14.089582;
11.161518, 13.773930;
11.495755, 13.439689;
11.848554, 13.087221;
12.219439, 12.716980;
12.607829, 12.329521;
13.013031, 11.925503;
13.434231, 11.505704;
13.870486, 11.071029;
14.320698, 10.622532;
14.783605, 10.161433;
15.257746, 9.689148;
15.741438, 9.207327;
16.232726, 8.717890;
16.729341, 8.223095;
17.228636, 7.725604;
17.727506, 7.228581;
18.222301, 6.735811;
18.708718, 6.251846;
19.181679, 5.782186;
19.635208, 5.333477;
20.062310, 4.913696;
20.454871, 4.532242;
20.803586, 4.199769;
21.097998, 3.927476;
21.326942, 3.725571;
21.480123, 3.600855;
21.551330, 3.554216;
21.541949, 3.579552;
21.461748, 3.665216;
21.325927, 3.797141;
21.150810, 3.961740;
20.950805, 4.147464;
20.737279, 4.345167;
20.518662, 4.547859;
20.301035, 4.750277;
20.088743, 4.948476;
19.884903, 5.139500;
19.691755, 5.321137;
19.510916, 5.491746;
19.343537, 5.650130;
19.190405, 5.795449;
19.052016, 5.927164;
18.928611, 6.044993;
18.820200, 6.148892;
18.726577, 6.239040;
18.647316, 6.315837;
18.581771, 6.379904;
18.529060, 6.432102;
18.488054, 6.473540;
18.457349, 6.505601;
18.435250, 6.529964;
18.419740, 6.548631;
18.408459, 6.563948;
18.398683, 6.578625;
18.387312, 6.595742;
18.370880, 6.618729;
18.345588, 6.651318;
18.307383, 6.697450;
18.252087, 6.761117;
18.175602, 6.846158;
18.074172, 6.955999;
17.944692, 7.093385;
17.785011, 7.260142;
17.594146, 7.457028;
17.372365, 7.683696;
17.121086, 7.938780;
16.842652, 8.220055;
16.540027, 8.524644;
16.216518, 8.849202;
15.875579, 9.190095;
15.520708, 9.543553;
15.155421, 9.905808;
14.783235, 10.273242;
14.407608, 10.642510;
14.031829, 11.010642;
13.658884, 11.375098;
13.291346, 11.733787;
12.931310, 12.085047;
12.580391, 12.427605;
12.239758, 12.760528;
11.910192, 13.083176;
11.592144, 13.395157;
11.285797, 13.696295;
10.991106, 13.986607;
10.707829, 14.266282;
10.435553, 14.535676;
10.173695, 14.795309;
9.921513, 15.045870;
9.678091, 15.288226;
9.442336, 15.523436;
9.212958, 15.752772;
8.988451, 15.977740;
8.767077, 16.200104;
8.546842, 16.421908;
8.325488, 16.645490;
8.100486, 16.873486;
7.869053, 17.108791;
7.628207, 17.354481;
7.374870, 17.613651;
7.106051, 17.889152;
6.819148, 18.183221;
6.512359, 18.497033;
6.185194, 18.830284;
5.838912, 19.180961;
5.476676, 19.545412;
5.103282, 19.918765;
4.724522, 20.295528;
4.346423, 20.670189;
3.974638, 21.037655;
3.614093, 21.393479;
3.268867, 21.733930;
2.942237, 22.055956;
2.636787, 22.357094;
2.354535, 22.635383;
2.097047, 22.889269;
1.865532, 23.117536;
1.660911, 23.319245;
1.483870, 23.493689;
1.334897, 23.640360;
1.214305, 23.758929;
1.122254, 23.849220;
1.058767, 23.911198;
1.023752, 23.944940;
1.017028, 23.950618;
1.038351, 23.928462;
1.087443, 23.878739;
1.164010, 23.801729;
1.267752, 23.697717;
1.398365, 23.566989;
1.555536, 23.409842;
1.738928, 23.226593;
1.948169, 23.017589;
2.182840, 22.783224;
2.442463, 22.523951;
2.726486, 22.240290;
3.034270, 21.932849;
3.365072, 21.602331;
3.718034, 21.249560;
4.092154, 20.875493;
4.486270, 20.481251;
4.899023, 20.068149;
5.328829, 19.637730;
5.773826, 19.191818;
6.231830, 18.732570;
6.700265, 18.262553;
7.176091, 17.784831;
7.655717, 17.303067;
8.134910, 16.821643;
8.608704, 16.345784;
9.071328, 15.881664;
9.516177, 15.436453;
9.935876, 15.018217;
10.322501, 14.635573;
10.668043, 14.296959;
10.965238, 14.009494;
11.208759, 13.777612;
11.396486, 13.601954;
11.530270, 13.479092;
11.615668, 13.402304;
11.660748, 13.363005;
11.674576, 13.352189;
11.665989, 13.361426;
11.642877, 13.383359;
11.611923, 13.411819;
11.578616, 13.441747;
11.547401, 13.469037;
11.521855, 13.490362;
11.504865, 13.503024;
11.498768, 13.504819;
11.505472, 13.493944;
11.526546, 13.468907;
11.563286, 13.428469;
11.616770, 13.371596;
11.687897, 13.297418;
11.777416, 13.205208;
11.885953, 13.094351;
12.014019, 12.964336;
12.162031, 12.814742;
12.330319, 12.645226;
12.519128, 12.455522;
12.728627, 12.245436;
12.958910, 12.014846;
13.209994, 11.763701;
13.481817, 11.492028;
13.774236, 11.199934;
14.087020, 10.887615;
14.419837, 10.555367;
14.772245, 10.203600;
15.143673, 9.832853;
15.533399, 9.443822;
15.940522, 9.037384;
16.363921, 8.614642;
16.802214, 8.176971;
17.253689, 7.726084;
17.716232, 7.264123;
18.187221, 6.793771;
18.663395, 6.318410;
19.140688, 5.842325;
19.614018, 5.370976;
20.077016, 4.911347;
20.521708, 4.472370;
20.938119, 4.065376;
21.313809, 3.704406;
21.633407, 3.406032;
21.878570, 3.188019;
22.029720, 3.066186;
22.071277, 3.049719;
21.998909, 3.137305;
21.822619, 3.317262;
21.562322, 3.571850;
21.240395, 3.882425;
20.876581, 4.232583;
20.486291, 4.609148;
20.080890, 5.001963;
19.668608, 5.403319;
19.255425, 5.807371;
18.845738, 6.209675;
18.442825, 6.606830;
18.049152, 6.996226;
17.666571, 7.375857;
17.296450, 7.744188;
16.939756, 8.100057;
16.597121, 8.442602;
16.268888, 8.771205;
15.955158, 9.085451;
15.655845, 9.385094;
15.370729, 9.670034;
15.099509, 9.940295;
14.841853, 10.196017;
14.597425, 10.437446;
14.365894, 10.664935;
14.146915, 10.878947;
13.940100, 11.080063;
13.744981, 11.268988;
13.560963, 11.446561;
13.387298, 11.613771;
13.223052, 11.771760;
13.067093, 11.921838;
12.918075, 12.065488;
12.774441, 12.204372;
12.634425, 12.340329;
12.496062, 12.475372;
12.357212, 12.611665;
12.215595, 12.751494;
12.068844, 12.897215;
11.914576, 13.051180;
11.750494, 13.215641;
11.574503, 13.392621;
11.384854, 13.583781;
11.180281, 13.790275;
10.960136, 14.012624;
10.724475, 14.250635;
10.474100, 14.503377;
10.210515, 14.769228;
9.935830, 15.045978;
9.652614, 15.330983;
9.363730, 15.621330;
9.072173, 15.913995;
8.780934, 16.205973;
8.492899, 16.494381;
8.210779, 16.776517;
7.937071, 17.049903;
7.674045, 17.312296;
7.423737, 17.561688;
7.187964, 17.796296;
6.968334, 18.014545;
6.766267, 18.215050;
6.583011, 18.396600;
6.419658, 18.558139;
6.277157, 18.698752;
6.156332, 18.817646;
6.057889, 18.914147;
5.982426, 18.987683;
5.930442, 19.037782;
5.902335, 19.064066;
5.898413, 19.066249;
5.918886, 19.044137;
5.963865, 18.997636;
6.033358, 18.926754;
6.127256, 18.831621;
6.245322, 18.712500;
6.387166, 18.569821;
6.552220, 18.404214;
6.739699, 18.216567;
6.948552, 18.008099;
7.177397, 17.780470;
7.424436, 17.535933;
7.687345, 17.277560;
7.963123, 17.009560;
8.247875, 16.737728;
8.536403, 16.470043;
8.821341, 16.217368;
9.091225, 15.993990;
9.327185, 15.817275;
9.500910, 15.705172;
9.581697, 15.670810;
9.554126, 15.716611;
9.428163, 15.833293;
9.229690, 16.005003;
8.985565, 16.215414;
8.716310, 16.450845;
8.435636, 16.700792;
8.152317, 16.957430;
7.872031, 17.214936;
7.598609, 17.468927;
7.334789, 17.716062;
7.082626, 17.953746;
6.843735, 18.179937;
6.619421, 18.393005;
6.410759, 18.591633;
6.218652, 18.774744;
6.043859, 18.941449;
5.887028, 19.091008;
5.748710, 19.222798;
5.629381, 19.336290;
5.529451, 19.431033;
5.449278, 19.506635;
5.389173, 19.562758;
5.349410, 19.599103;
5.330230, 19.615405;
5.331847, 19.611429;
5.354452, 19.586964;
5.398213, 19.541817;
5.463283, 19.475816;
5.549796, 19.388801;
5.657871, 19.280627;
5.787614, 19.151162;
5.939119, 19.000282;
6.112465, 18.827876;
6.307720, 18.633843;
6.524941, 18.418092;
6.764170, 18.180540;
7.025439, 17.921120;
7.308763, 17.639773;
7.614140, 17.336458;
7.941551, 17.011151;
8.290953, 16.663846;
8.662275, 16.294567;
9.055411, 15.903369;
9.470216, 15.490346;
9.906490, 15.055641;
10.363971, 14.599461;
10.842315, 14.122089;
11.341077, 13.623909;
11.859685, 13.105423;
12.397410, 12.567295;
12.953321, 12.010384;
13.526232, 11.435808;
14.114634, 10.845014;
14.716605, 10.239881;
15.329697, 9.622854;
15.950786, 8.997129;
16.575895, 8.366905;
17.199969, 7.737717;
17.816617, 7.116886;
18.417825, 6.514080;
18.993632, 5.941942;
19.531710, 5.416610;
20.016658, 4.957665;
20.429065, 4.586675;
20.745723, 4.323422;
20.944239, 4.180088;
21.012547, 4.156361;
20.955868, 4.239463;
20.794099, 4.409293;
20.553058, 4.644536;
20.257095, 4.926389;
19.925853, 5.239724;
19.573985, 5.572871;
19.212067, 5.916956;
18.847689, 6.265227;
18.486347, 6.612509;
18.132098, 6.954788;
17.787995, 7.288914;
17.456388, 7.612387;
17.139113, 7.923198;
16.837626, 8.219721;
16.553089, 8.500636;
16.286426, 8.764867;
16.038364, 9.011549;
15.809450, 9.239997;
15.600069, 9.449693;
15.410442, 9.640270;
15.240633, 9.811514;
15.090542, 9.963362;
14.959903, 10.095903;
14.848284, 10.209385;
14.755085, 10.304221;
14.679548, 10.380996;
14.620759, 10.440473;
14.577660, 10.483602;
14.549050, 10.511526;
14.533585, 10.525595;
14.529766, 10.527373;
14.535921, 10.518655;
14.550171, 10.501484;
14.570397, 10.478171;
14.594195, 10.451316;
14.618848, 10.423825;
14.641297, 10.398916;
14.658138, 10.380109;
14.665658, 10.371173;
14.659917, 10.376036;
14.636900, 10.398620;
14.592753, 10.442599;
14.524108, 10.511097;
14.428464, 10.606349;
14.304549, 10.729394;
14.152572, 10.879891;
13.974271, 11.056107;
13.772717, 11.255104;
13.551937, 11.473066;
13.316468, 11.705692;
13.070946, 11.948546;
12.819798, 12.197344;
12.567059, 12.448125;
12.316284, 12.697353;
12.070534, 12.941938;
11.832403, 13.179230;
11.604070, 13.406983;
11.387357, 13.623307;
11.183785, 13.826622;
10.994622, 14.015620;
10.820930, 14.189220;
10.663590, 14.346546;
10.523321, 14.486901;
10.400691, 14.609754;
10.296113, 14.714740;
10.209841, 14.801658;
10.141954, 14.870483;
10.092339, 14.921391;
10.060667, 14.954784;
10.046359, 14.971338;
10.048547, 14.972057;
10.066016, 14.958357;
10.097133, 14.932173;
10.139746, 14.896099;
10.191053, 14.853573;
10.247406, 14.809112;
10.304030, 14.768569;
10.354578, 14.739386;
10.390495, 14.730700;
10.400299, 14.753060;
10.369459, 14.817426;
10.282272, 14.933229;
10.126573, 15.105903;
9.899009, 15.335151;
9.606475, 15.615172;
9.262587, 15.936699;
8.882588, 16.289441;
8.479952, 16.663769;
8.065247, 17.051442;
7.646320, 17.445717;
7.228920, 17.841180;
6.817304, 18.233505;
6.414704, 18.619222;
6.023637, 18.995533;
5.646118, 19.360154;
5.283793, 19.711212;
4.938026, 20.047153;
4.609966, 20.366676;
4.300586, 20.668683;
4.010721, 20.952243;
3.741084, 21.216558;
3.492295, 21.460938;
3.264889, 21.684785;
3.059332, 21.887577;
2.876032, 22.068855;
2.715342, 22.228216;
2.577569, 22.365304;
2.462979, 22.479804;
2.371795, 22.571445;
2.304205, 22.639991;
2.260354, 22.685241;
2.240356, 22.707034;
2.244285, 22.705240;
2.272182, 22.679764;
2.324057, 22.630541;
2.399894, 22.557534;
2.499652, 22.460728;
2.623276, 22.340127;
2.770696, 22.195751;
2.941835, 22.027629;
3.136611, 21.835796;
3.354940, 21.620292;
3.596738, 21.381160;
3.861922, 21.118442;
4.150408, 20.832183;
4.462113, 20.522431;
4.796947, 20.189238;
5.154817, 19.832660;
5.535619, 19.452767;
5.939237, 19.049640;
6.365532, 18.623380;
6.814337, 18.174116;
7.285453, 17.702009;
7.778631, 17.207267;
8.293560, 16.690154;
8.829853, 16.151009;
9.387024, 15.590268;
9.964457, 15.008488;
10.561375, 14.406388;
11.176790, 13.784893;
11.809445, 13.145202;
12.457735, 12.488873;
13.119607, 11.817942;
13.792422, 11.135092;
14.472794, 10.443876;
15.156368, 9.749031;
15.837574, 9.056916;
16.509324, 8.376083;
17.162699, 7.718010;
17.786576, 7.097916;
18.367048, 6.535381;
18.886284, 6.054101;
19.320850, 5.679589;
19.642026, 5.433713;
19.823184, 5.327127;
19.853178, 5.354341;
19.743331, 5.496059;
19.520923, 5.726883;
19.217310, 6.022304;
18.859943, 6.361977;
18.469851, 6.730182;
18.062166, 7.115110;
17.647543, 7.507932;
17.233518, 7.901996;
16.825519, 8.292229;
16.427562, 8.674693;
16.042704, 9.046287;
15.673335, 9.404522;
15.321370, 9.747373;
14.988377, 10.073164;
14.675655, 10.380495;
14.384290, 10.668184;
14.115190, 10.935230;
13.869104, 11.180782;
13.646633, 11.404127;
13.448228, 11.604678;
13.274190, 11.781970;
13.124659, 11.935660;
12.999603, 12.065531;
12.898816, 12.171496;
12.821914, 12.253610;
12.768345, 12.312070;
12.737404, 12.347229;
12.728258, 12.359599;
12.739975, 12.349861;
12.771544, 12.318868;
12.821886, 12.267657;
12.889846, 12.197462;
12.974161, 12.109727;
13.073417, 12.006134;
13.185981, 11.888633;
13.309939, 11.759479;
13.443017, 11.621280;
13.582519, 11.477041;
13.725259, 11.330219;
13.867519, 11.184753;
14.005021, 11.045076;
14.132944, 10.916080;
14.246012, 10.802993;
14.338690, 10.711158;
14.405519, 10.645668;
14.441628, 10.610886;
14.443352, 10.609918;
14.408831, 10.644152;
14.338363, 10.713033;
14.234374, 10.814158;
14.100972, 10.943653;
13.943296, 11.096727;
13.766845, 11.268223;
13.576977, 11.453051;
13.378600, 11.646482;
13.176040, 11.844284;
12.973024, 12.042772;
12.772725, 12.238788;
12.577833, 12.429650;
12.390630, 12.613086;
12.213059, 12.787177;
12.046784, 12.950289;
11.893235, 13.101032;
11.753650, 13.238214;
11.629097, 13.360811;
11.520499, 13.467942;
11.428648, 13.558857;
11.354208, 13.632927;
11.297724, 13.689641;
11.259616, 13.728615;
11.240170, 13.749602;
11.239530, 13.752512;
11.257676, 13.737435;
11.294398, 13.704682;
11.349262, 13.654830;
11.421564, 13.588784;
11.510268, 13.507858;
11.613932, 13.413877;
11.730592, 13.309307;
11.857623, 13.197417;
11.991527, 13.082465;
12.127649, 12.969896;
12.259783, 12.866511;
12.379689, 12.780515;
12.476661, 12.721316;
12.537555, 12.698873;
12.547938, 12.722495;
12.494882, 12.799209;
12.370695, 12.932228;
12.175535, 13.120245;
11.917095, 13.357948;
11.607720, 13.637436;
11.260971, 13.949816;
10.889246, 14.286397;
10.502769, 14.639356;
10.109534, 15.001974;
9.715654, 15.368628;
9.325809, 15.734670;
8.943617, 16.096279;
8.571932, 16.450310;
8.213046, 16.794169;
7.868828, 17.125708;
7.540828, 17.443137;
7.230343, 17.744958;
6.938469, 18.029910;
6.666137, 18.296926;
6.414139, 18.545098;
6.183154, 18.773649;
5.973760, 18.981916;
5.786450, 19.169327;
5.621639, 19.335389;
5.479674, 19.479680;
5.360838, 19.601837;
5.265355, 19.701549;
5.193390, 19.778557;
5.145055, 19.832645;
5.120410, 19.863636;
5.119463, 19.871396;
5.142172, 19.855824;
5.188453, 19.816856;
5.258174, 19.754464;
5.351166, 19.668652;
5.467223, 19.559464;
5.606105, 19.426978;
5.767539, 19.271320;
5.951220, 19.092664;
6.156802, 18.891246;
6.383894, 18.667369;
6.632048, 18.421428;
6.900737, 18.153917;
7.189336, 17.865459;
7.497092, 17.556824;
7.823094, 17.228965;
8.166233, 16.883047;
8.525160, 16.520489;
8.898237, 16.143016;
9.283485, 15.752714;
9.678517, 15.352099;
10.080477, 14.944206;
10.485959, 14.532684;
10.890929, 14.121913;
11.290647, 13.717131;
11.679596, 13.324549;
12.051426, 12.951436;
12.398936, 12.606110;
12.714091, 12.297722;
12.988163, 12.035719;
13.212103, 11.828867;
13.377453, 11.683844;
13.477946, 11.603736;
13.511459, 11.587040;
13.481237, 11.627769;
13.395485, 11.716679;
13.265493, 11.843046;
13.103409, 11.996232;
12.920559, 12.166660;
12.726619, 12.346206;
12.529438, 12.528215;
12.335209, 12.707332;
12.148769, 12.879282;
11.973899, 13.040650;
11.813579, 13.188697;
11.670184, 13.321214;
11.545637, 13.436401;
11.441517, 13.532781;
11.359136, 13.609132;
11.299600, 13.664434;
11.263848, 13.697838;
11.252678, 13.708634;
11.266766, 13.696241;
11.306668, 13.660189;
11.372825, 13.600124;
11.465542, 13.515806;
11.584967, 13.407118;
11.731048, 13.274082;
11.903485, 13.116878;
12.101666, 12.935864;
12.324599, 12.731614;
12.570861, 12.504940;
12.838567, 12.256938;
13.125390, 11.989016;
13.428627, 11.702939;
13.745308, 11.400869;
14.072294, 11.085410;
14.406341, 10.759673;
14.744066, 10.427347;
15.081824, 10.092810;
15.415493, 9.761245;
15.740207, 9.438790;
16.050058, 9.132666;
16.337810, 8.851254;
16.594655, 8.604015;
16.810144, 8.401139;
16.972570, 8.252755;
17.070203, 8.167653;
17.093590, 8.151690;
17.038326, 8.206422;
16.906775, 8.328636;
16.707499, 8.511100;
16.452781, 8.744154;
16.155785, 9.017402;
15.828562, 9.320948;
15.481198, 9.646039;
15.121739, 9.985261;
14.756476, 10.332481;
14.390332, 10.682678;
14.027199, 11.031746;
13.670209, 11.376319;
13.321935, 11.713616;
12.984534, 12.041312;
12.659852, 12.357440;
12.349493, 12.660314;
12.054884, 12.948463;
11.777307, 13.220587;
11.517934, 13.475515;
11.277851, 13.712181;
11.058068, 13.929603;
10.859538, 14.126868;
10.683155, 14.303124;
10.529760, 14.457579;
10.400134, 14.589496;
10.294992, 14.698207;
10.214966, 14.783114;
10.160585, 14.843708;
10.132248, 14.879581;
10.130191, 14.890451;
10.154449, 14.876179;
10.204819, 14.836798;
10.280821, 14.772536;
10.381677, 14.683849;
10.506297, 14.571442;
10.653292, 14.436301;
10.820988, 14.279722;
11.007460, 14.103346;
11.210543, 13.909202;
11.427814, 13.699768;
11.656541, 13.478049;
11.893580, 13.247682;
12.135229, 13.013070;
12.377036, 12.779522;
12.613559, 12.553386;
12.838073, 12.342117;
13.042290, 12.154162;
13.216235, 11.998538;
13.348716, 11.883960;
13.428870, 11.817519;
13.448845, 11.803227;
13.406469, 11.841044;
13.306144, 11.926934;
13.157299, 12.053943;
12.971566, 12.213726;
12.760309, 12.397882;
12.533268, 12.598767;
12.298202, 12.809842;
12.061061, 13.025712;
11.826352, 13.242021;
11.597496, 13.455282;
11.377118, 13.662723;
11.167263, 13.862136;
10.969551, 14.051756;
10.785288, 14.230164;
10.615543, 14.396202;
10.461208, 14.548916;
10.323041, 14.687501;
10.201696, 14.811261;
10.097746, 14.919586;
10.011695, 15.011931;
9.943976, 15.087804;
9.894942, 15.146769;
9.864841, 15.188456;
9.853779, 15.212573;
9.861674, 15.218936;
9.888203, 15.207501;
9.932753, 15.178393;
9.994388, 15.131953;
10.071844, 15.068760;
10.163565, 14.989668;
10.267762, 14.895817;
10.382498, 14.788646;
10.505764, 14.669888;
10.635515, 14.541576;
10.769665, 14.406044;
10.906017, 14.265942;
11.042169, 14.124270;
11.175394, 13.984424;
11.302529, 13.850249;
11.419875, 13.726098;
11.523127, 13.616866;
11.607345, 13.527975;
11.666984, 13.465252;
11.696043, 13.434662;
11.688409, 13.441819;
11.638504, 13.491295;
11.542252, 13.585804;
11.398187, 13.725512;
11.208221, 13.907747;
10.977614, 14.127300;
10.714085, 14.377216;
10.426470, 14.649771;
10.123508, 14.937319;
9.813061, 15.232854;
9.501796, 15.530264;
9.195170, 15.824388;
8.897574, 16.110948;
8.612517, 16.386438;
8.342810, 16.647994;
8.090712, 16.893280;
7.858055, 17.120387;
7.646323, 17.327754;
7.456732, 17.514095;
7.290273, 17.678349;
7.147752, 17.819637;
7.029827, 17.937229;
6.937023, 18.030511;
6.869762, 18.098971;
6.828376, 18.142178;
6.813125, 18.159766;
6.824211, 18.151429;
6.861791, 18.116905;
6.925986, 18.055979;
7.016887, 17.968472;
7.134562, 17.854243;
7.279051, 17.713185;
7.450367, 17.545233;
7.648489, 17.350360;
7.873354, 17.128587;
8.124847, 16.879990;
8.402791, 16.604707;
8.706934, 16.302950;
9.036932, 15.975022;
9.392332, 15.621338;
9.772547, 15.242445;
10.176831, 14.839058;
10.604240, 14.412104;
11.053585, 13.962770;
11.523377, 13.492584;
12.011746, 13.003505;
12.516349, 12.498054;
13.034241, 11.979479;
13.561724, 11.451979;
14.094149, 10.920987;
14.625668, 10.393530;
15.148926, 9.878641;
15.654637, 9.387786;
16.131010, 8.935147;
