0.008403, 24.922828;
0.033614, 24.906021;
0.075597, 24.872419;
0.134270, 24.822081;
0.209506, 24.755112;
0.301133, 24.671665;
0.408931, 24.571937;
0.532642, 24.456170;
0.671963, 24.324648;
0.826552, 24.177698;
0.996032, 24.015684;
1.179993, 23.839006;
1.377993, 23.648096;
1.589565, 23.443417;
1.814219, 23.225455;
2.051448, 22.994718;
2.300732, 22.751729;
2.561541, 22.497024;
2.833343, 22.231146;
3.115604, 21.954639;
3.407796, 21.668046;
3.709397, 21.371907;
4.019897, 21.066747;
4.338799, 20.753086;
4.665620, 20.431426;
4.999893, 20.102255;
5.341166, 19.766044;
5.689005, 19.423251;
6.042987, 19.074316;
6.402704, 18.719667;
6.767761, 18.359720;
7.137769, 17.994879;
7.512348, 17.625541;
7.891121, 17.252100;
8.273713, 16.874945;
8.659749, 16.494466;
9.048850, 16.111055;
9.440632, 15.725109;
9.834704, 15.337031;
10.230669, 14.947232;
10.628115, 14.556135;
11.026626, 14.164170;
11.425769, 13.771782;
11.825105, 13.379423;
12.224183, 12.987557;
12.622543, 12.596660;
13.019717, 12.207211;
13.415234, 11.819698;
13.808618, 11.434611;
14.199394, 11.052440;
14.587093, 10.673672;
14.971250, 10.298784;
15.351412, 9.928245;
15.727142, 9.562507;
16.098018, 9.202006;
16.463641, 8.847152;
16.823633, 8.498335;
17.177641, 8.155917;
17.525339, 7.820231;
17.866421, 7.491588;
18.200608, 7.170271;
18.527637, 6.856542;
18.847262, 6.550645;
19.159248, 6.252813;
19.463363, 5.963269;
19.759374, 5.682239;
20.047038, 5.409955;
20.326096, 5.146666;
20.596264, 4.892642;
20.857228, 4.648181;
21.108639, 4.413617;
21.350105, 4.189324;
21.581192, 3.975718;
21.801420, 3.773259;
22.010269, 3.582446;
22.207175, 3.403819;
22.391547, 3.237943;
22.562771, 3.085403;
22.720227, 2.946786;
22.863307, 2.822663;
22.991431, 2.713570;
23.104077, 2.619983;
23.200795, 2.542295;
23.281236, 2.480798;
23.345167, 2.435662;
23.392487, 2.406926;
23.423237, 2.394489;
23.437596, 2.398115;
23.435874, 2.417445;
23.418500, 2.452010;
23.385994, 2.501260;
23.338946, 2.564590;
23.277979, 2.641367;
23.203727, 2.730961;
23.116799, 2.832772;
23.017754, 2.946257;
22.907078, 3.070947;
22.785165, 3.206472;
22.652298, 3.352568;
22.508640, 3.509093;
22.354222, 3.676036;
22.188944, 3.853514;
22.012568, 4.041781;
21.824728, 4.241216;
21.624935, 4.452319;
21.412593, 4.675691;
21.187022, 4.912012;
20.947486, 5.162010;
20.693231, 5.426417;
20.423532, 5.705922;
20.137746, 6.001109;
19.835372, 6.312406;
19.516110, 6.640020;
19.179913, 6.983898;
18.827028, 7.343695;
18.458012, 7.718767;
18.073732, 8.108191;
17.675330, 8.510801;
17.264181, 8.925242;
16.841821, 9.350034;
16.409891, 9.783632;
15.970068, 10.224480;
15.524010, 10.671061;
15.073317, 11.121928;
14.619497, 11.575729;
14.163944, 12.031220;
13.707929, 12.487272;
13.252596, 12.942873;
12.798961, 13.397121;
12.347918, 13.849224;
11.900246, 14.298485;
11.456615, 14.744300;
11.017599, 15.186147;
10.583685, 15.623575;
10.155282, 16.056197;
9.732730, 16.483681;
9.316315, 16.905740;
8.906275, 17.322124;
8.502811, 17.732612;
8.106098, 18.137000;
7.716294, 18.535097;
7.333550, 18.926715;
6.958018, 19.311660;
6.589860, 19.689726;
6.229252, 20.060691;
5.876397, 20.424309;
5.531520, 20.780307;
5.194879, 21.128384;
4.866760, 21.468208;
4.547482, 21.799419;
4.237389, 22.121631;
3.936849, 22.434435;
3.646251, 22.737406;
3.365993, 23.030108;
3.096481, 23.312100;
2.838121, 23.582942;
2.591310, 23.842207;
2.356432, 24.089481;
2.133850, 24.324372;
1.923901, 24.546515;
1.726895, 24.755579;
1.543106, 24.951264;
1.372771, 25.133312;
1.216090, 25.301504;
1.073223, 25.455662;
0.944286, 25.595652;
0.829356, 25.721384;
0.728469, 25.832808;
0.641621, 25.929917;
0.568769, 26.012746;
0.509833, 26.081366;
0.464699, 26.135886;
0.433223, 26.176448;
0.415230, 26.203225;
0.410523, 26.216417;
0.418885, 26.216246;
0.440082, 26.202953;
0.473870, 26.176793;
0.520000, 26.138030;
0.578219, 26.086932;
0.648282, 26.023764;
0.729951, 25.948786;
0.823003, 25.862246;
0.927232, 25.764377;
1.042451, 25.655391;
1.168502, 25.535478;
1.305247, 25.404802;
1.452579, 25.263498;
1.610416, 25.111675;
1.778701, 24.949414;
1.957404, 24.776769;
2.146516, 24.593768;
2.346049, 24.400418;
2.556029, 24.196705;
2.776497, 23.982600;
3.007502, 23.758061;
3.249099, 23.523039;
3.501343, 23.277480;
3.764287, 23.021331;
4.037979, 22.754542;
4.322455, 22.477071;
4.617739, 22.188888;
4.923838, 21.889977;
5.240741, 21.580342;
5.568411, 21.260008;
5.906788, 20.929025;
6.255782, 20.587471;
6.615272, 20.235456;
6.985104, 19.873123;
7.365084, 19.500653;
7.754979, 19.118267;
8.154513, 18.726231;
8.563364, 18.324855;
8.981157, 17.914504;
9.407466, 17.495595;
9.841809, 17.068602;
10.283640, 16.634064;
10.732353, 16.192584;
11.187272, 15.744835;
11.647656, 15.291563;
12.112687, 14.833592;
12.581478, 14.371823;
13.053067, 13.907238;
13.526422, 13.440898;
14.000443, 12.973942;
14.473967, 12.507583;
14.945779, 12.043100;
15.414624, 11.581823;
15.879220, 11.125124;
16.338279, 10.674393;
16.790529, 10.231015;
17.234735, 9.796345;
17.669728, 9.371676;
18.094426, 8.958213;
18.507859, 8.557044;
18.909181, 8.169117;
19.297685, 7.795224;
19.672806, 7.435994;
20.034114, 7.091896;
20.381302, 6.763246;
20.714169, 6.450231;
21.032598, 6.152925;
21.336525, 5.871322;
21.625923, 5.605354;
21.900775, 5.354919;
22.161060, 5.119893;
22.406740, 4.900142;
22.637757, 4.695531;
22.854036, 4.505918;
23.055491, 4.331150;
23.242041, 4.171056;
23.413627, 4.025433;
23.570228, 3.894043;
23.711879, 3.776600;
23.838685, 3.672768;
23.950830, 3.582167;
24.048578, 3.504369;
24.132270, 3.438916;
24.202317, 3.385325;
24.259186, 3.343102;
24.303380, 3.311760;
24.335429, 3.290823;
24.355868, 3.279845;
24.365222, 3.278416;
24.363993, 3.286170;
24.352647, 3.302793;
24.331606, 3.328025;
24.301237, 3.361666;
24.261847, 3.403578;
24.213676, 3.453688;
24.156890, 3.511992;
24.091582, 3.578555;
24.017761, 3.653514;
23.935353, 3.737083;
23.844197, 3.829554;
23.744039, 3.931304;
23.634531, 4.042792;
23.515228, 4.164567;
23.385591, 4.297268;
23.244984, 4.441623;
23.092679, 4.598445;
22.927866, 4.768630;
22.749661, 4.953138;
22.557130, 5.152980;
22.349309, 5.369189;
22.125240, 5.602782;
21.884011, 5.854720;
21.624805, 6.125849;
21.346955, 6.416845;
21.049994, 6.728159;
20.733712, 7.059954;
20.398189, 7.412078;
20.043820, 7.784037;
19.671317, 8.175001;
19.281690, 8.583832;
18.876203, 9.009132;
18.456324, 9.449299;
18.023662, 9.902598;
17.579914, 10.367221;
17.126804, 10.841340;
16.666046, 11.323154;
16.199307, 11.810921;
15.728184, 12.302983;
15.254192, 12.797776;
14.778754, 13.293837;
14.303199, 13.789807;
13.828765, 14.284429;
13.356601, 14.776543;
12.887769, 15.265078;
12.423253, 15.749053;
11.963961, 16.227565;
11.510732, 16.699788;
11.064336, 17.164966;
10.625480, 17.622410;
10.194810, 18.071496;
9.772913, 18.511662;
9.360317, 18.942406;
8.957492, 19.363285;
8.564853, 19.773917;
8.182752, 20.173977;
7.811486, 20.563202;
7.451292, 20.941389;
7.102345, 21.308397;
6.764760, 21.664145;
6.438591, 22.008617;
6.123832, 22.341856;
5.820420, 22.663962;
5.528236, 22.975092;
5.247115, 23.275444;
4.976849, 23.565254;
4.717203, 23.844779;
4.467926, 24.114274;
4.228770, 24.373980;
3.999507, 24.624093;
3.779952, 24.864741;
3.569981, 25.095970;
3.369549, 25.317723;
3.178702, 25.529837;
2.997580, 25.732045;
2.826410, 25.923993;
2.665498, 26.105257;
2.515201, 26.275371;
2.375910, 26.433855;
2.248023, 26.580242;
2.131918, 26.714101;
2.027940, 26.835051;
1.936383, 26.942779;
1.857482, 27.037041;
1.791408, 27.117668;
1.738268, 27.184565;
1.698106, 27.237702;
1.670914, 27.277116;
1.656633, 27.302891;
1.655167, 27.315159;
1.666391, 27.314084;
1.690162, 27.299852;
1.726328, 27.272663;
1.774740, 27.232716;
1.835258, 27.180205;
1.907758, 27.115307;
1.992140, 27.038176;
2.088331, 26.948941;
2.196287, 26.847695;
2.315992, 26.734503;
2.447460, 26.609393;
2.590731, 26.472362;
2.745871, 26.323380;
2.912961, 26.162387;
3.092102, 25.989305;
3.283404, 25.804038;
3.486982, 25.606476;
3.702959, 25.396504;
3.931452, 25.174000;
4.172576, 24.938847;
4.426439, 24.690929;
4.693139, 24.430141;
4.972761, 24.156385;
5.265377, 23.869581;
5.571043, 23.569663;
5.889798, 23.256582;
6.221661, 22.930311;
6.566633, 22.590846;
6.924689, 22.238204;
7.295785, 21.872431;
7.679848, 21.493600;
8.076778, 21.101816;
8.486445, 20.697215;
8.908685, 20.279973;
9.343298, 19.850302;
9.790041, 19.408462;
10.248629, 18.954759;
10.718725, 18.489554;
11.199935, 18.013268;
11.691804, 17.526390;
12.193806, 17.029484;
12.705337, 16.523199;
13.225709, 16.008281;
13.754133, 15.485581;
14.289718, 14.956072;
14.831453, 14.420861;
15.378198, 13.881207;
15.928677, 13.338535;
16.481460, 12.794457;
17.034960, 12.250783;
17.587425, 11.709538;
18.136932, 11.172969;
18.681392, 10.643552;
19.218554, 10.123974;
19.746026, 9.617114;
20.261298, 9.125991;
20.761783, 8.653693;
21.244867, 8.203276;
21.707981, 7.777633;
22.148685, 7.379358;
22.564757, 7.010595;
22.954301, 6.672915;
23.315832, 6.367230;
23.648348, 6.093763;
23.951360, 5.852077;
24.224886, 5.641158;
24.469405, 5.459532;
24.685780, 5.305393;
24.875175, 5.176731;
25.038967, 5.071435;
25.178673, 4.987373;
25.295891, 4.922457;
25.392258, 4.874673;
25.469424, 4.842104;
25.529031, 4.822942;
25.572708, 4.815489;
25.602059, 4.818161;
25.618662, 4.829485;
25.624058, 4.848097;
25.619741, 4.872746;
25.607152, 4.902291;
25.587658, 4.935700;
25.562549, 4.972054;
25.533018, 5.010543;
25.500154, 5.050469;
25.464930, 5.091238;
25.428199, 5.132362;
25.390687, 5.173457;
25.352986, 5.214233;
25.315559, 5.254500;
25.278735, 5.294158;
25.242711, 5.333197;
25.207553, 5.371697;
25.173197, 5.409825;
25.139447, 5.447840;
25.105980, 5.486096;
25.072339, 5.525049;
25.037933, 5.565271;
25.002029, 5.607460;
24.963744, 5.652466;
24.922035, 5.701317;
24.875685, 5.755254;
24.823290, 5.815771;
24.763236, 5.884673;
24.693683, 5.964131;
24.612538, 6.056751;
24.517432, 6.165642;
24.405683, 6.294468;
24.274244, 6.447466;
24.119643, 6.629400;
23.937906, 6.845395;
23.724542, 7.100607;
23.474675, 7.399709;
23.183472, 7.746239;
22.846908, 8.141946;
22.462667, 8.586377;
22.030799, 9.076863;
21.553792, 9.608952;
21.036070, 10.177082;
20.483210, 10.775283;
19.901179, 11.397708;
19.295789, 12.038957;
18.672391, 12.694220;
18.035745, 13.359298;
17.390010, 14.030560;
16.738789, 14.704876;
16.085197, 15.379539;
15.431936, 16.052199;
14.781362, 16.720796;
14.135542, 17.383513;
13.496308, 18.038733;
12.865292, 18.685005;
12.243963, 19.321016;
11.633651, 19.945571;
11.035567, 20.557575;
10.450823, 21.156020;
9.880442, 21.739972;
9.325368, 22.308567;
8.786476, 22.861000;
8.264578, 23.396523;
7.760425, 23.914439;
7.274713, 24.414103;
6.808084, 24.894912;
6.361130, 25.356314;
5.934392, 25.797797;
5.528361, 26.218893;
5.143482, 26.619179;
4.780146, 26.998273;
4.438701, 27.355836;
4.119443, 27.691571;
3.822617, 28.005225;
3.548422, 28.296589;
3.297003, 28.565496;
3.068456, 28.811826;
2.862823, 29.035502;
2.680094, 29.236497;
2.520205, 29.414827;
2.383035, 29.570562;
2.268409, 29.703818;
2.176093, 29.814767;
2.105793, 29.903631;
2.057157, 29.970689;
2.029769, 30.016280;
2.023153, 30.040799;
2.036769, 30.044706;
2.070010, 30.028521;
2.122210, 29.992834;
2.192636, 29.938297;
2.280493, 29.865633;
2.384928, 29.775629;
2.505031, 29.669142;
2.639842, 29.547089;
2.788355, 29.410449;
2.949528, 29.260255;
3.122294, 29.097584;
3.305571, 28.923553;
3.498276, 28.739300;
3.699338, 28.545975;
3.907713, 28.344724;
4.122402, 28.136669;
4.342459, 27.922900;
4.567005, 27.704451;
4.795242, 27.482293;
5.026458, 27.257319;
5.260030, 27.030337;
5.495429, 26.802060;
5.732219, 26.573109;
5.970054, 26.344006;
6.208673, 26.115180;
6.447897, 25.886961;
6.687616, 25.659591;
6.927789, 25.433221;
7.168432, 25.207915;
7.409614, 24.983650;
7.651446, 24.760324;
7.894078, 24.537753;
8.137693, 24.315676;
8.382499, 24.093760;
8.628730, 23.871602;
8.876639, 23.648742;
9.126501, 23.424663;
9.378606, 23.198805;
9.633264, 22.970573;
9.890803, 22.739349;
10.151569, 22.504500;
10.415926, 22.265386;
10.684254, 22.021375;
10.956954, 21.771845;
11.234435, 21.516191;
11.517124, 21.253834;
11.805455, 20.984220;
12.099870, 20.706826;
12.400816, 20.421159;
12.708739, 20.126763;
13.024085, 19.823212;
13.347296, 19.510116;
13.678803, 19.187119;
14.019031, 18.853899;
14.368387, 18.510169;
14.727264, 18.155677;
15.096036, 17.790206;
15.475052, 17.413574;
15.864637, 17.025635;
16.265085, 16.626283;
16.676660, 16.215449;
17.099585, 15.793106;
17.534042, 15.359270;
17.980169, 14.914003;
18.438051, 14.457418;
18.907713, 13.989680;
19.389118, 13.511014;
19.882156, 13.021710;
20.386638, 12.522127;
20.902283, 12.012707;
21.428711, 11.493981;
21.965428, 10.966579;
22.511814, 10.431249;
23.067103, 9.888870;
23.630369, 9.340476;
24.200501, 8.787277;
24.776180, 8.230690;
25.355849, 7.672381;
25.937683, 7.114302;
26.519552, 6.558756;
27.098986, 6.008455;
27.673127, 5.466615;
28.238697, 4.937044;
28.791959, 4.424269;
29.328682, 3.933662;
29.844124, 3.471574;
30.332996, 3.045451;
30.789410, 2.663870;
31.206735, 2.336423;
31.577343, 2.073313;
31.892328, 1.884542;
32.141524, 1.778643;
32.314406, 1.761152;
32.402076, 1.833336;
32.399597, 1.991787;
32.307318, 2.229148;
32.130487, 2.535596;
31.877672, 2.900416;
31.558976, 3.313165;
31.184685, 3.764314;
30.764488, 4.245489;
30.307124, 4.749477;
29.820300, 5.270122;
29.310740, 5.802193;
28.784276, 6.341244;
28.245968, 6.883499;
27.700206, 7.425743;
27.150805, 7.965241;
26.601087, 8.499664;
26.053948, 9.027030;
25.511915, 9.545655;
24.977189, 10.054113;
24.451692, 10.551205;
23.937090, 11.035924;
23.434826, 11.507439;
22.946138, 11.965072;
22.472081, 12.408282;
22.013541, 12.836650;
21.571244, 13.249871;
21.145775, 13.647740;
20.737578, 14.030148;
20.346970, 14.397073;
19.974146, 14.748573;
19.619180, 15.084787;
19.282035, 15.405926;
18.962562, 15.712272;
18.660505, 16.004180;
18.375500, 16.282072;
18.107082, 16.546438;
17.854677, 16.797839;
17.617609, 17.036906;
17.395098, 17.264342;
17.186258, 17.480925;
16.990095, 17.687510;
16.805511, 17.885033;
16.631299, 18.074512;
16.466143, 18.257054;
16.308623, 18.433853;
16.157212, 18.606194;
16.010288, 18.775451;
15.866136, 18.943086;
15.722964, 19.110637;
15.578921, 19.279714;
15.432119, 19.451974;
15.280669, 19.629105;
15.122712, 19.812790;
14.956472, 20.004677;
14.780299, 20.206334;
14.592731, 20.419211;
14.392539, 20.644604;
14.178778, 20.883622;
13.950817, 21.137171;
13.708366, 21.405955;
13.451467, 21.690484;
13.180475, 21.991102;
12.896014, 22.308017;
12.598916, 22.641327;
12.290137, 22.991039;
11.970677, 23.357071;
11.641489, 23.739223;
11.303408, 24.137139;
10.957101, 24.550238;
10.603064, 24.977633;
10.241667, 25.418063;
9.873262, 25.869835;
9.498326, 26.330815;
9.117607, 26.798468;
8.732225, 27.269956;
8.343699, 27.742264;
7.953894, 28.212342;
7.564923, 28.677229;
7.179021, 29.134149;
6.798438, 29.580566;
6.425352, 30.014209;
6.061816, 30.433077;
5.709724, 30.835423;
5.370810, 31.219729;
5.046642, 31.584688;
4.738636, 31.929170;
4.448071, 32.252205;
4.176097, 32.552959;
3.923751, 32.830714;
3.691969, 33.084858;
3.481597, 33.314867;
3.293395, 33.520296;
3.128050, 33.700769;
2.986180, 33.855971;
2.868335, 33.985643;
2.775006, 34.089575;
2.706627, 34.167602;
2.663575, 34.219600;
2.646176, 34.245482;
2.654705, 34.245195;
2.689387, 34.218717;
2.750401, 34.166058;
2.837877, 34.087252;
2.951902, 33.982361;
3.092520, 33.851469;
3.259731, 33.694682;
3.453495, 33.512129;
3.673732, 33.303955;
3.920323, 33.070328;
4.193113, 32.811428;
4.491912, 32.527456;
4.816496, 32.218625;
5.166607, 31.885165;
5.541958, 31.527318;
5.942235, 31.145340;
6.367095, 30.739500;
6.816169, 30.310077;
7.289067, 29.857365;
7.785376, 29.381665;
8.304663, 28.883291;
8.846476, 28.362567;
9.410347, 27.819826;
9.995791, 27.255412;
10.602308, 26.669680;
11.229384, 26.062995;
11.876488, 25.435733;
12.543076, 24.788282;
13.228588, 24.121045;
13.932444, 23.434438;
14.654043, 22.728898;
15.392760, 22.004881;
16.147936, 21.262872;
16.918878, 20.503385;
17.704838, 19.726977;
18.505012, 18.934255;
19.318516, 18.125888;
20.144365, 17.302629;
20.981449, 16.465339;
21.828495, 15.615014;
22.684024, 14.752835;
23.546290, 13.880222;
24.413208, 12.998922;
25.282259, 12.111128;
26.150378, 11.219647;
27.013825, 10.328157;
27.868071, 9.441590;
28.707765, 8.566715;
29.526977, 7.713060;
30.320105, 6.894332;
31.084023, 6.130576;
31.821111, 5.451051;
32.536850, 4.896607;
33.215031, 4.516514;
33.783242, 4.349954;
34.157520, 4.395223;
34.325406, 4.605759;
34.330171, 4.924738;
34.220605, 5.309492;
34.032698, 5.732751;
33.790335, 6.177465;
33.509267, 6.632674;
33.200173, 7.091055;
32.870590, 7.547529;
32.526067, 7.998450;
32.170868, 8.441130;
31.808409, 8.873543;
31.441525, 9.294132;
31.072650, 9.701687;
30.703928, 10.095263;
30.337288, 10.474113;
29.974496, 10.837654;
29.617183, 11.185433;
29.266870, 11.517102;
28.924976, 11.832407;
28.592828, 12.131170;
28.271661, 12.413281;
27.962622, 12.678691;
27.666764, 12.927408;
27.385046, 13.159489;
27.118327, 13.375040;
26.867363, 13.574218;
26.632801, 13.757222;
26.415175, 13.924303;
26.214895, 14.075761;
26.032250, 14.211947;
25.867393, 14.333271;
25.720338, 14.440205;
25.590956, 14.533289;
25.478961, 14.613141;
25.383904, 14.680467;
25.305167, 14.736070;
25.241948, 14.780870;
25.193255, 14.815917;
25.157888, 14.842413;
25.134434, 14.861737;
25.121251, 14.875476;
25.116458, 14.885453;
25.117930, 14.893776;
25.123302, 14.902871;
25.129982, 14.915535;
25.135191, 14.934980;
25.136027, 14.964856;
25.129565, 15.009261;
25.112996, 15.072674;
25.083757, 15.159803;
25.039640, 15.275270;
24.978802, 15.423124;
24.899719, 15.606192;
24.801199, 15.825406;
24.682659, 16.079371;
24.544609, 16.364413;
24.389053, 16.675155;
24.219417, 17.005420;
24.039986, 17.349086;
23.855097, 17.700679;
23.668434, 18.055659;
23.482606, 18.410501;
23.299052, 18.762667;
23.118199, 19.110568;
22.939743, 19.453539;
22.762926, 19.791861;
22.586720, 20.126818;
22.409899, 20.460794;
22.230985, 20.797380;
22.048066, 21.141488;
21.858462, 21.499386;
21.658179, 21.878584;
21.441210, 22.287420;
21.198974, 22.734206;
20.920594, 23.225944;
20.594652, 23.766864;
20.212120, 24.357375;
19.768920, 24.993973;
19.266635, 25.670140;
18.711313, 26.377754;
18.111474, 27.108377;
17.476356, 27.854093;
16.814811, 28.607911;
16.134785, 29.363857;
15.443167, 30.116914;
14.745833, 30.862896;
14.047764, 31.598318;
13.353186, 32.320272;
12.665694, 33.026320;
11.988362, 33.714418;
11.323839, 34.382840;
10.674413, 35.030132;
10.042077, 35.655065;
9.428570, 36.256603;
8.835416, 36.833875;
8.263950, 37.386154;
7.715347, 37.912837;
7.190637, 38.413431;
6.690720, 38.887537;
6.216384, 39.334843;
5.768311, 39.755107;
5.347089, 40.148155;
4.953220, 40.513870;
4.587127, 40.852183;
4.249158, 41.163069;
3.939595, 41.446540;
3.658656, 41.702639;
3.406503, 41.931439;
3.183241, 42.133034;
2.988927, 42.307536;
2.823570, 42.455074;
2.687136, 42.575791;
2.579551, 42.669838;
2.500704, 42.737374;
2.450451, 42.778563;
2.428617, 42.793573;
2.434998, 42.782571;
2.469368, 42.745728;
2.531478, 42.683208;
2.621061, 42.595177;
2.737836, 42.481792;
2.881509, 42.343207;
3.051778, 42.179569;
3.248336, 41.991016;
3.470875, 41.777678;
3.719086, 41.539675;
3.992666, 41.277117;
4.291321, 40.990102;
4.614765, 40.678718;
4.962728, 40.343038;
5.334956, 39.983125;
5.731213, 39.599027;
6.151285, 39.190779;
6.594982, 38.758406;
7.062136, 38.301916;
7.552610, 37.821308;
8.066288, 37.316567;
8.603084, 36.787668;
9.162938, 36.234576;
9.745816, 35.657249;
10.351707, 35.055635;
10.980623, 34.429681;
11.632595, 33.779328;
12.307667, 33.104519;
13.005898, 32.405199;
13.727351, 31.681317;
14.472090, 30.932833;
15.240173, 30.159720;
16.031649, 29.361968;
16.846541, 28.539586;
17.684849, 27.692613;
18.546532, 26.821118;
19.431500, 25.925211;
20.339606, 25.005044;
21.270627, 24.060828;
22.224255, 23.092834;
23.200075, 22.101411;
24.197548, 21.086997;
25.215984, 20.050138;
26.254514, 18.991510;
27.312053, 17.911949;
28.387254, 16.812485;
29.478446, 15.694398;
30.583562, 14.559284;
31.700041, 13.409151;
32.824700, 12.246556;
33.953579, 11.074809;
35.081753, 9.898272;
36.203146, 8.722838;
37.310459, 7.556685;
38.395586, 6.411565;
39.451657, 5.305037;
40.480024, 4.264528;
39.749451, 3.334804;
37.299311, 2.592932;
35.681630, 2.137046;
34.967449, 2.045949;
34.055575, 2.330487;
33.084987, 2.896739;
32.092344, 3.623242;
31.083227, 4.434547;
30.061416, 5.291215;
29.030536, 6.171913;
27.993908, 7.064169;
26.954598, 7.960120;
25.915486, 8.854464;
24.879331, 9.743409;
23.848789, 10.624105;
22.826422, 11.494308;
21.814694, 12.352182;
20.815956, 13.196174;
19.832431, 14.024929;
18.866207, 14.837240;
17.919216, 15.632010;
16.993235, 16.408224;
16.089876, 17.164939;
15.210586, 17.901264;
14.356654, 18.616359;
13.529214, 19.309426;
12.729258, 19.979704;
11.957647, 20.626474;
11.215125, 21.249047;
10.502340, 21.846775;
9.819855, 22.419044;
9.168171, 22.965273;
8.547742, 23.484921;
7.958991, 23.977481;
7.402327, 24.442485;
6.878155, 24.879502;
6.386894, 25.288136;
5.928976, 25.668033;
5.504864, 26.018874;
5.115045, 26.340377;
4.760038, 26.632300;
4.440391, 26.894436;
4.156673, 27.126614;
3.909471, 27.328700;
3.699382, 27.500595;
3.526995, 27.642235;
3.392888, 27.753590;
3.297604, 27.834665;
3.241643, 27.885499;
3.225445, 27.906165;
3.249369, 27.896769;
3.313682, 27.857454;
3.418544, 27.788399;
3.563986, 27.689819;
3.749902, 27.561970;
3.976034, 27.405148;
4.241957, 27.219693;
4.547072, 27.005995;
4.890593, 26.764492;
5.271541, 26.495682;
5.688733, 26.200123;
6.140778, 25.878442;
6.626071, 25.531345;
7.142785, 25.159622;
7.688864, 24.764165;
8.262021, 24.345973;
8.859728, 23.906174;
9.479208, 23.446044;
10.117423, 22.967026;
10.771067, 22.470756;
11.436551, 21.959099;
12.109993, 21.434180;
12.787208, 20.898430;
13.463702, 20.354624;
14.134685, 19.805942;
14.795097, 19.256008;
15.439667, 18.708938;
16.063021, 18.169364;
16.659844, 17.642426;
17.225103, 17.133701;
17.754331, 16.649053;
18.243928, 16.194363;
18.691438, 15.775147;
19.095734, 15.396076;
19.457085, 15.060493;
19.777103, 14.770045;
20.058608, 14.524517;
20.305426, 14.321926;
20.522124, 14.158807;
20.713666, 14.030585;
20.884997, 13.931932;
21.040617, 13.857085;
21.184262, 13.800125;
21.318805, 13.755248;
21.446381, 13.717032;
21.568682, 13.680669;
21.687278, 13.642129;
21.803870, 13.598229;
21.920461, 13.546613;
22.039436, 13.485677;
22.163610, 13.414457;
22.296211, 13.332514;
22.440804, 13.239840;
22.601087, 13.136765;
22.780541, 13.023901;
22.981929, 12.902106;
23.206759, 12.772496;
23.454872, 12.636501;
23.724361, 12.496009;
24.011882, 12.353580;
24.313282, 12.212775;
24.624364, 12.078575;
24.941611, 11.957907;
25.262744, 11.860263;
25.586804, 11.798338;
25.912979, 11.788490;
26.236716, 11.850498;
26.542381, 12.005757;
26.796682, 12.273050;
26.953566, 12.662483;
26.974151, 13.171009;
26.844825, 13.783431;
26.577325, 14.478231;
26.196807, 15.233585;
25.730945, 16.030587;
25.204531, 16.853982;
24.637978, 17.691738;
24.047507, 18.534319;
23.445758, 19.374043;
22.842387, 20.204584;
22.244535, 21.020636;
21.657208, 21.817704;
21.083643, 22.591972;
20.525697, 23.340251;
19.984277, 24.059949;
19.459749, 24.749058;
18.952287, 25.406122;
18.462098, 26.030205;
17.989538, 26.620825;
17.535127, 27.177888;
17.099503, 27.701609;
16.683361, 28.192445;
16.287383, 28.651030;
15.912185, 29.078123;
15.558286, 29.474567;
15.226076, 29.841253;
14.915806, 30.179095;
14.627584, 30.489006;
14.361371, 30.771878;
14.116990, 31.028565;
13.894138, 31.259865;
13.692404, 31.466505;
13.511301, 31.649117;
13.350309, 31.808228;
13.208930, 31.944238;
13.086748, 32.057407;
12.983508, 32.147848;
12.899172, 32.215523;
12.833977, 32.260250;
12.788452, 32.281718;
12.763418, 32.279516;
12.759932, 32.253163;
12.779222, 32.202154;
12.822586, 32.125998;
12.891293, 32.024261;
12.986479, 31.896605;
13.109061, 31.742821;
13.259657, 31.562865;
13.438519, 31.356883;
13.645470, 31.125250;
13.879848, 30.868599;
14.140443, 30.587873;
14.425419, 30.284381;
14.732228, 29.959875;
15.057501, 29.616665;
15.396919, 29.257762;
15.745070, 28.887087;
16.095313, 28.509747;
16.439718, 28.132416;
16.769168, 27.763813;
17.073822, 27.415266;
17.344081, 27.101232;
17.571927, 26.839375;
17.751699, 26.649428;
17.879060, 26.549773;
17.949163, 26.551569;
17.957906, 26.653280;
17.906064, 26.840548;
17.800824, 27.092192;
17.653194, 27.387105;
17.474599, 27.707878;
17.274950, 28.041377;
17.062138, 28.378013;
16.842234, 28.710813;
16.619886, 29.034642;
16.398698, 29.345652;
16.181532, 29.640892;
15.970734, 29.918050;
15.768303, 30.175273;
15.576001, 30.411041;
15.395446, 30.624086;
15.228166, 30.813327;
15.075652, 30.977826;
14.939392, 31.116756;
14.820901, 31.229380;
14.721745, 31.315031;
14.643561, 31.373100;
14.588069, 31.403031;
14.557078, 31.404315;
14.552473, 31.376493;
14.576179, 31.319166;
14.630104, 31.232005;
14.716037, 31.114781;
14.835531, 30.967391;
14.989768, 30.789901;
15.179436, 30.582589;
15.404651, 30.345978;
15.664948, 30.080872;
15.959336, 29.788352;
16.286410, 29.469768;
16.644489, 29.126694;
17.031744, 28.760868;
17.446296, 28.374132;
17.886292, 27.968357;
18.349935, 27.545385;
18.835493, 27.106976;
19.341292, 26.654763;
19.865699, 26.190229;
20.407096, 25.714682;
20.963862, 25.229252;
21.534347, 24.734893;
22.116863, 24.232398;
22.709668, 23.722427;
23.310965, 23.205541;
23.918903, 22.682263;
24.531572, 22.153143;
25.147004, 21.618847;
25.763163, 21.080264;
26.377932, 20.538638;
26.989100, 19.995727;
27.594387, 19.454006;
28.191533, 18.916917;
28.778546, 18.389195;
29.354232, 17.877293;
29.919203, 17.389926;
30.477515, 16.938736;
31.038735, 16.539001;
31.618853, 16.210039;
32.235522, 15.974547;
32.891920, 15.855400;
33.555742, 15.868785;
34.163064, 16.015836;
34.658382, 16.279863;
35.026289, 16.633371;
35.285917, 17.048287;
35.470514, 17.501582;
35.612973, 17.975952;
35.738534, 18.458555;
35.861391, 18.939650;
35.984915, 19.411739;
36.105885, 19.869198;
36.220096, 20.308138;
36.325632, 20.726232;
36.423025, 21.122398;
36.513995, 21.496432;
36.600295, 21.848673;
36.683098, 22.179770;
36.762825, 22.490513;
36.839186, 22.781730;
36.911316, 23.054211;
36.977947, 23.308667;
37.037581, 23.545705;
37.088655, 23.765828;
37.129699, 23.969452;
37.159458, 24.156949;
37.176992, 24.328716;
37.181742, 24.485274;
37.173566, 24.627390;
37.152764, 24.756261;
37.120115, 24.873738;
37.076965, 24.982654;
37.025423, 25.087263;
36.968752, 25.193892;
36.911998, 25.311843;
36.862623, 25.454653;
36.829853, 25.641633;
36.818748, 25.899171;
36.812452, 26.260098;
36.746813, 26.757800;
36.516461, 27.413110;
36.040251, 28.221508;
35.312544, 29.155211;
34.381273, 30.178596;
33.305052, 31.260507;
32.132489, 32.377671;
30.899130, 33.513593;
29.630086, 34.656619;
28.343152, 35.798371;
27.051162, 36.932667;
25.763590, 38.054828;
24.487608, 39.161211;
23.228770, 40.248912;
21.991475, 41.315560;
20.779278, 42.359179;
19.595103, 43.378092;
18.441394, 44.370852;
17.320219, 45.336188;
16.233348, 46.272978;
15.182309, 47.180214;
14.168427, 48.056987;
13.192855, 48.902474;
12.256599, 49.715922;
11.360532, 50.496649;
10.505413, 51.244030;
9.691888, 51.957498;
8.920510, 52.636538;
8.191738, 53.280688;
7.505944, 53.889535;
6.863424, 54.462714;
6.264396, 54.999908;
5.709010, 55.500844;
5.197349, 55.965293;
4.729436, 56.393069;
4.305237, 56.784026;
3.924664, 57.138055;
3.587584, 57.455085;
3.293816, 57.735075;
3.043139, 57.978018;
2.835298, 58.183931;
2.670001, 58.352858;
2.546929, 58.484864;
2.465735, 58.580033;
2.426049, 58.638464;
2.427479, 58.660270;
2.469616, 58.645575;
2.552036, 58.594510;
2.674299, 58.507214;
2.835958, 58.383828;
3.036551, 58.224498;
3.275614, 58.029368;
3.552672, 57.798584;
3.867248, 57.532291;
4.218860, 57.230630;
4.607027, 56.893742;
5.031263, 56.521764;
5.491083, 56.114831;
5.986003, 55.673076;
6.515541, 55.196629;
7.079213, 54.685620;
7.676540, 54.140175;
8.307045, 53.560425;
8.970250, 52.946501;
9.665682, 52.298534;
10.392865, 51.616665;
11.151325, 50.901038;
11.940586, 50.151807;
12.760166, 49.369138;
13.609580, 48.553212;
14.488330, 47.704228;
15.395906, 46.822407;
16.331776, 45.907998;
17.295386, 44.961283;
18.286146, 43.982582;
19.303424, 42.972267;
20.346535, 41.930766;
21.414725, 40.858579;
22.507155, 39.756293;
23.622882, 38.624600;
24.760837, 37.464323;
25.919795, 36.276447;
27.098346, 35.062158;
28.294857, 33.822892;
29.507434, 32.560398;
30.733883, 31.276822;
31.971668, 29.974808;
33.217877, 28.657614;
34.469197, 27.329267;
35.721900, 25.994704;
36.971810, 24.659914;
38.214241, 23.331985;
39.443825, 22.018984;
40.654257, 20.729527;
41.838104, 19.471959;
42.987083, 18.253212;
44.093065, 17.077684;
45.149566, 15.946678;
46.152898, 14.858702;
47.102437, 13.810468;
48.000166, 12.798086;
48.850029, 11.818015;
49.657578, 10.867636;
50.430105, 9.945527;
51.177378, 9.051590;
51.296147, 8.187172;
50.895279, 7.355500;
50.406679, 6.560924;
49.894826, 5.809135;
49.484584, 5.108583;
49.391340, 4.472186;
49.600016, 3.919937;
47.330543, 3.482835;
45.718395, 3.204408;
45.070622, 3.107432;
45.093520, 3.203512;
45.133556, 3.492596;
45.117437, 3.962400;
44.990751, 4.588034;
44.729058, 5.339560;
44.332313, 6.187957;
43.814155, 7.108207;
43.193449, 8.080068;
42.489578, 9.087658;
41.720404, 10.118647;
40.901640, 11.163434;
40.046791, 12.214485;
39.167244, 13.265813;
38.272340, 14.312599;
37.369368, 15.350918;
36.463512, 16.377537;
35.557813, 17.389762;
34.653238, 18.385333;
33.748909, 19.362333;
32.842548, 20.319122;
31.931087, 21.254279;
31.011349, 22.166560;
30.080680, 23.054855;
29.137429, 23.918165;
28.181199, 24.755574;
27.212901, 25.566235;
26.234641, 26.349358;
25.249514, 27.104204;
24.261361, 27.830076;
23.274534, 28.526322;
22.293681, 29.192328;
21.323581, 29.827524;
20.369004, 30.431375;
19.434622, 31.003391;
18.524927, 31.543117;
17.644193, 32.050144;
16.796439, 32.524099;
15.985414, 32.964652;
15.214594, 33.371515;
14.487174, 33.744439;
13.806082, 34.083219;
13.173983, 34.387688;
12.593292, 34.657721;
12.066185, 34.893234;
11.594611, 35.094182;
11.180300, 35.260559;
10.824769, 35.392399;
10.529323, 35.489771;
10.295056, 35.552782;
10.122841, 35.581572;
10.013319, 35.576316;
9.966882, 35.537222;
9.983653, 35.464526;
10.063466, 35.358495;
10.205845, 35.219422;
10.409982, 35.047626;
10.674728, 34.843449;
10.998584, 34.607255;
11.379701, 34.339428;
11.815896, 34.040373;
12.304668, 33.710508;
12.843235, 33.350270;
13.428569, 32.960108;
14.057444, 32.540485;
14.726484, 32.091877;
15.432215, 31.614772;
16.171117, 31.109667;
16.939667, 30.577072;
17.734381, 30.017509;
18.551853, 29.431512;
19.388776, 28.819632;
20.241966, 28.182434;
21.108368, 27.520508;
21.985060, 26.834469;
22.869243, 26.124965;
23.758227, 25.392688;
24.649400, 24.638384;
25.540190, 23.862873;
26.428018, 23.067065;
27.310225, 22.251996;
28.183991, 21.418861;
29.046214, 20.569074;
29.893369, 19.704341;
30.721306, 18.826770;
31.524991, 17.939026;
32.298172, 17.044567;
33.032943, 16.147990;
33.719255, 15.255580;
34.344496, 14.376163;
34.893612, 13.522487;
35.351001, 12.713399;
35.706689, 11.977162;
35.968509, 11.355598;
36.168522, 10.905982;
36.324725, 10.690498;
36.087730, 10.741936;
36.016407, 11.032257;
35.799498, 11.493933;
35.463464, 12.065520;
35.041351, 12.704794;
34.560123, 13.384762;
34.039528, 14.087954;
33.493790, 14.802633;
32.933318, 15.520567;
32.365949, 16.235741;
31.797776, 16.943590;
31.233703, 17.640528;
30.677820, 18.323657;
30.133653, 18.990572;
29.604346, 19.639237;
29.092797, 20.267901;
28.601754, 20.875037;
28.133892, 21.459312;
27.691866, 22.019551;
27.278349, 22.554729;
26.896040, 23.063959;
26.547643, 23.546486;
26.235805, 24.001691;
25.962986, 24.429088;
25.731274, 24.828335;
25.542118, 25.199235;
25.396011, 25.541744;
25.292170, 25.855972;
25.228298, 26.142192;
25.200520, 26.400832;
25.203583, 26.632475;
25.231317, 26.837855;
25.277258, 27.017860;
25.335275, 27.173531;
25.400051, 27.306082;
25.467311, 27.416920;
25.533831, 27.507685;
25.597256, 27.580291;
25.655844, 27.636973;
25.708184, 27.680340;
25.752933, 27.713418;
25.788600, 27.739672;
25.813385, 27.763005;
25.825081, 27.787696;
25.821084, 27.818266;
25.798523, 27.859245;
25.754549, 27.914837;
25.686770, 27.988531;
25.593741, 28.082708;
25.475362, 28.198385;
25.333029, 28.335143;
25.169485, 28.491297;
24.988433, 28.664210;
24.794072, 28.850679;
24.590671, 29.047289;
24.382259, 29.250671;
24.172454, 29.457676;
23.964382, 29.665459;
23.760677, 29.871510;
23.563516, 30.073645;
23.374677, 30.269978;
23.195598, 30.458888;
23.027444, 30.638978;
22.871157, 30.809038;
22.727512, 30.968010;
22.597158, 31.114959;
22.480650, 31.249041;
22.378486, 31.369488;
22.291124, 31.475583;
22.219005, 31.566645;
22.162563, 31.642019;
22.122239, 31.701063;
22.098484, 31.743143;
22.091762, 31.767630;
22.102551, 31.773896;
22.131344, 31.761312;
22.178640, 31.729255;
22.244943, 31.677107;
22.330758, 31.604260;
22.436580, 31.510124;
22.562890, 31.394128;
22.710148, 31.255730;
22.878782, 31.094422;
23.069184, 30.909739;
23.281699, 30.701263;
23.516615, 30.468630;
23.774155, 30.211541;
24.054463, 29.929769;
24.357590, 29.623166;
24.683481, 29.291678;
25.031957, 28.935356;
25.402688, 28.554378;
25.795170, 28.149069;
26.208694, 27.719936;
26.642305, 27.267712;
27.094763, 26.793419;
27.564496, 26.298462;
28.049570, 25.784765;
28.547691, 25.254973;
29.056315, 24.712778;
29.573045, 24.163425;
30.096688, 23.614555;
30.629872, 23.077617;
31.184898, 22.570267;
31.793971, 22.120304;
31.929122, 21.771140;
31.930922, 21.583842;
32.492459, 21.615226;
32.778154, 21.874995;
32.745835, 22.314455;
32.480205, 22.864724;
32.068314, 23.475829;
31.568300, 24.117806;
31.016725, 24.772834;
30.437605, 25.429802;
29.847844, 26.081377;
29.260162, 26.722455;
28.684690, 27.349318;
28.129871, 27.959153;
27.602996, 28.549777;
27.110547, 29.119466;
26.658399, 29.666848;
26.087200, 30.190838;
25.434056, 30.690795;
24.823643, 31.166397;
24.274962, 31.617442;
23.809196, 32.043798;
23.446755, 32.445365;
23.203523, 32.822027;
23.063647, 33.173640;
22.953952, 33.500029;
22.865288, 33.801007;
22.788680, 34.076364;
22.716459, 34.325868;
22.642930, 34.549271;
22.564512, 34.746319;
22.479515, 34.916759;
22.387759, 35.060346;
22.290168, 35.176852;
22.188437, 35.266063;
22.084782, 35.327787;
21.981783, 35.361849;
21.882278, 35.368096;
21.789318, 35.346391;
21.706139, 35.296613;
21.636165, 35.218658;
21.583003, 35.112432;
21.550450, 34.977852;
21.542482, 34.814844;
21.563233, 34.623340;
21.616941, 34.403275;
21.707886, 34.154593;
21.840283, 33.877240;
22.018164, 33.571170;
22.245231, 33.236346;
22.524715, 32.872744;
22.859217, 32.480355;
23.250589, 32.059190;
23.699826, 31.609287;
24.207003, 31.130712;
24.771262, 30.623560;
25.390826, 30.087967;
26.063077, 29.524099;
26.784645, 28.932166;
27.551542, 28.312412;
28.359299, 27.665122;
29.203117, 26.990619;
30.078016, 26.289261;
30.978968, 25.561447;
31.901025, 24.807613;
32.839417, 24.028233;
33.789631, 23.223824;
34.747457, 22.394950;
35.709012, 21.542229;
36.670730, 20.666342;
37.629330, 19.768050;
38.581753, 18.848215;
39.525076, 17.907831;
40.456401, 16.948065;
41.372722, 15.970319;
42.270766, 14.976317;
43.146821, 13.968229;
43.996559, 12.948856;
44.814888, 11.921901;
45.564544, 10.892386;
45.395645, 9.867320;
44.903102, 8.857742;
44.089289, 7.878438;
43.011362, 6.949524;
41.815524, 6.097801;
40.748822, 5.356894;
40.083801, 4.763644;
39.865123, 4.348289;
39.667029, 4.121596;
39.444771, 4.069833;
39.168399, 4.162635;
38.831830, 4.366448;
38.443665, 4.652270;
38.017475, 4.997484;
37.566726, 5.385090;
37.102997, 5.802381;
36.635694, 6.239766;
36.172313, 6.689898;
35.718836, 7.147045;
35.280113, 7.606660;
34.860195, 8.065083;
34.462608, 8.519331;
34.090577, 8.966960;
33.747206, 9.405965;
33.435611, 9.834723;
33.159015, 10.251953;
32.920765, 10.656707;
32.724270, 11.048377;
32.572793, 11.426715;
32.469065, 11.791870;
32.414652, 12.144442;
32.409075, 12.485527;
32.448780, 12.816760;
32.526203, 13.140336;
32.629360, 13.458985;
32.742367, 13.775895;
32.847034, 14.094591;
32.925147, 14.418783;
32.960692, 14.752231;
32.941287, 15.098644;
32.858574, 15.461626;
32.707779, 15.844651;
32.486859, 16.251038;
32.195638, 16.683895;
31.835143, 17.146009;
31.407227, 17.639669;
30.914468, 18.166441;
30.360272, 18.726927;
29.749061, 19.320569;
29.086394, 19.945572;
28.378913, 20.598971;
27.634093, 21.276860;
26.859835, 21.974704;
26.064032, 22.687691;
25.254202, 23.411022;
24.437230, 24.140131;
23.619241, 24.870818;
22.805564, 25.599310;
22.000760, 26.322270;
21.208691, 27.036777;
20.432602, 27.740286;
19.675202, 28.430588;
18.938748, 29.105758;
18.225112, 29.764122;
17.535850, 30.404213;
16.872248, 31.024741;
16.235373, 31.624563;
15.626111, 32.202662;
15.045194, 32.758127;
14.493232, 33.290134;
13.970728, 33.797937;
13.478102, 34.280853;
13.015701, 34.738257;
12.583810, 35.169574;
12.182664, 35.574272;
11.812450, 35.951863;
11.473319, 36.301895;
11.165382, 36.623953;
10.888721, 36.917656;
10.643385, 37.182661;
10.429393, 37.418656;
10.246739, 37.625364;
10.095386, 37.802543;
9.975272, 37.949986;
9.886306, 38.067521;
9.828370, 38.155013;
9.801317, 38.212365;
9.804966, 38.239514;
9.839110, 38.236440;
9.903503, 38.203161;
9.997863, 38.139739;
10.121868, 38.046279;
10.275150, 37.922932;
10.457291, 37.769904;
10.667815, 37.587451;
10.906182, 37.375894;
11.171778, 37.135620;
11.463902, 36.867095;
11.781756, 36.570871;
12.124426, 36.247607;
12.490866, 35.898079;
12.879871, 35.523209;
13.290056, 35.124089;
13.719821, 34.702017;
14.167314, 34.258541;
14.630393, 33.795513;
15.106580, 33.315157;
15.593009, 32.820152;
16.086381, 32.313733;
16.582917, 31.799811;
17.078337, 31.283106;
17.567859, 30.769295;
18.046254, 30.265145;
18.507986, 29.778603;
18.947468, 29.318785;
19.359493, 28.895789;
19.739875, 28.520236;
20.086285, 28.202479;
20.398995, 27.951451;
20.680934, 27.773253;
20.936331, 27.669694;
21.168197, 27.637227;
21.376622, 27.666916;
21.559749, 27.745924;
21.716378, 27.860129;
21.847531, 27.996629;
21.956134, 28.145091;
22.045899, 28.297901;
22.120429, 28.449685;
22.182809, 28.596690;
22.235525, 28.736278;
22.280553, 28.866553;
22.319486, 28.986127;
22.353651, 29.093966;
22.384212, 29.189305;
22.412246, 29.271596;
22.438797, 29.340487;
22.464913, 29.395817;
22.491671, 29.437619;
22.520187, 29.466136;
22.551617, 29.481834;
22.587148, 29.485417;
22.627966, 29.477835;
22.675209, 29.460271;
22.729888, 29.434111;
22.792775, 29.400864;
22.864255, 29.362034;
22.944200, 29.318935;
23.031918, 29.272452;
23.126278, 29.222807;
23.226057, 29.169375;
23.330430, 29.110631;
23.439419, 29.044264;
23.554102, 28.967422;
23.676521, 28.877012;
23.809382, 28.769979;
23.955683, 28.643504;
24.118411, 28.495111;
24.300327, 28.322696;
24.503859, 28.124524;
24.731064, 27.899185;
24.983636, 27.645555;
25.262939, 27.362749;
25.570041, 27.050087;
25.905765, 26.707056;
26.270719, 26.333292;
26.665337, 25.928554;
27.089904, 25.492711;
27.544586, 25.025736;
28.029450, 24.527695;
28.544484, 23.998746;
29.089611, 23.439140;
29.664701, 22.849221;
30.269580, 22.229437;
30.904030, 21.580340;
31.567788, 20.902602;
32.260533, 20.197022;
32.981871, 19.464543;
33.731299, 18.706259;
34.508181, 17.923439;
35.311701, 17.117529;
36.140823, 16.290174;
36.994260, 15.443230;
37.870429, 14.578773;
38.767424, 13.699116;
39.682981, 12.806834;
40.614435, 11.904796;
41.558668, 10.996219;
42.512047, 10.084752;
43.470341, 9.174607;
44.428629, 8.270755;
45.381209, 7.379233;
46.321558, 6.507593;
47.242434, 5.665618;
48.136409, 4.866433;
48.997432, 4.128286;
49.824716, 3.477424;
50.630573, 2.952591;
51.448346, 2.611194;
52.305179, 2.533542;
53.089557, 2.809437;
53.498829, 3.481082;
53.383196, 4.483304;
52.854003, 5.695409;
52.063743, 7.025037;
51.114280, 8.418839;
50.064836, 9.846815;
48.950150, 11.291148;
47.791642, 12.740509;
46.603320, 14.187212;
45.394891, 15.625740;
44.173461, 17.051926;
42.944486, 18.462489;
41.712341, 19.854747;
40.480657, 21.226438;
39.252544, 22.575606;
38.030733, 23.900522;
36.817683, 25.199635;
35.615646, 26.471534;
34.426726, 27.714924;
33.252914, 28.928612;
32.096117, 30.111495;
30.958176, 31.262552;
29.840875, 32.380837;
28.745953, 33.465482;
27.675102, 34.515686;
26.629971, 35.530719;
25.612164, 36.509916;
24.623238, 37.452673;
23.664702, 38.358449;
22.738013, 39.226758;
21.844579, 40.057167;
20.985749, 40.849294;
20.162818, 41.602803;
19.377018, 42.317398;
18.629522, 42.992826;
17.921434, 43.628867;
17.253788, 44.225335;
16.627544, 44.782074;
16.043585, 45.298958;
15.502711, 45.775887;
15.005634, 46.212785;
14.552974, 46.609603;
14.145256, 46.966315;
13.782905, 47.282918;
13.466239, 47.559434;
13.195471, 47.795910;
12.970697, 47.992421;
12.791900, 48.149069;
12.658938, 48.265986;
12.571540, 48.343342;
12.529299, 48.381343;
12.531661, 48.380245;
12.577909, 48.340359;
12.667141, 48.262065;
12.798243, 48.145833;
12.969849, 47.992244;
13.180277, 47.802037;
13.427454, 47.576160;
13.708796, 47.315861;
14.021054, 47.022823;
14.360106, 46.699374;
14.720704, 46.348831;
15.096241, 45.976034;
15.478655, 45.588204;
15.858700, 45.196193;
16.226403, 44.815953;
16.570329, 44.469136;
16.875436, 44.179842;
17.126990, 43.965000;
17.321068, 43.824659;
17.465843, 43.744377;
17.574445, 43.705946;
17.659186, 43.694105;
17.729539, 43.697758;
17.792211, 43.709162;
17.851777, 43.722932;
17.911303, 43.735290;
17.972799, 43.743565;
18.037549, 43.745853;
18.106334, 43.740804;
18.179588, 43.727465;
18.257508, 43.705181;
18.340135, 43.673515;
18.427415, 43.632198;
18.519244, 43.581079;
18.615505, 43.520099;
18.716098, 43.449257;
18.820963, 43.368590;
18.930105, 43.278152;
19.043603, 43.177992;
19.161636, 43.068142;
19.284488, 42.948598;
19.412560, 42.819308;
19.546378, 42.680155;
19.686597, 42.530951;
19.833998, 42.371425;
19.989486, 42.201214;
20.154081, 42.019866;
20.328902, 41.826830;
20.515146, 41.621467;
20.714069, 41.403054;
20.926953, 41.170796;
21.155080, 40.923839;
21.399700, 40.661294;
21.662006, 40.382249;
21.943107, 40.085800;
22.244014, 39.771067;
22.565625, 39.437216;
22.908715, 39.083481;
23.273940, 38.709176;
23.661830, 38.313716;
24.072788, 37.896622;
24.507095, 37.457537;
24.964896, 36.996233;
25.446203, 36.512621;
25.950873, 36.006765;
26.478605, 35.478894;
27.028911, 34.929424;
27.601102, 34.358976;
28.194260, 33.768415;
28.807212, 33.158889;
29.438502, 32.531882;
30.086361, 31.889294;
30.748685, 31.233526;
31.423021, 30.567611;
32.106566, 29.895369;
32.796192, 29.221595;
33.488479, 28.552285;
34.179733, 27.894864;
34.865847, 27.258340;
35.541797, 26.653251;
36.200560, 26.091119;
36.831715, 25.583136;
37.421203, 25.137928;
37.954233, 24.758984;
38.420954, 24.443089;
38.820738, 24.181008;
39.161698, 23.960129;
39.456803, 23.767413;
39.719903, 23.591331;
39.963406, 23.422585;
40.197470, 23.254066;
40.430026, 23.080495;
40.667133, 22.898009;
40.913391, 22.703797;
41.172312, 22.495814;
41.446632, 22.272559;
41.738546, 22.032912;
42.049906, 21.776019;
42.382350, 21.501198;
42.737407, 21.207887;
43.116554, 20.895599;
43.521254, 20.563894;
43.952953, 20.212375;
44.413073, 19.840675;
44.902975, 19.448469;
45.423919, 19.035486;
45.977016, 18.601525;
46.008038, 18.146486;
45.852088, 17.671007;
45.631819, 17.175955;
45.342572, 16.662314;
44.981171, 16.131241;
44.546181, 15.584132;
44.038160, 15.022696;
43.459831, 14.449060;
42.816180, 13.865890;
42.114483, 13.276561;
41.364296, 12.685371;
40.577567, 12.097836;
39.769084, 11.521086;
38.957644, 10.964389;
38.168449, 10.439820;
37.437116, 9.963044;
36.814727, 9.554012;
36.370244, 9.237048;
36.181547, 9.039220;
36.307146, 8.985585;
36.506660, 9.091255;
36.696085, 9.353980;
36.844061, 9.753934;
36.937808, 10.261990;
36.975877, 10.849014;
36.960329, 11.490745;
36.893564, 12.168670;
36.777915, 12.869150;
36.615869, 13.582206;
36.410152, 14.300510;
36.163637, 15.018634;
35.879165, 15.732548;
35.559357, 16.439275;
35.206406, 17.136670;
34.821889, 17.823262;
34.406598, 18.498155;
33.960476, 19.160928;
33.482735, 19.811551;
32.972266, 20.450266;
32.428339, 21.077455;
31.851420, 21.693495;
31.243772, 22.298641;
30.609526, 22.892956;
29.954201, 23.476331;
29.283917, 24.048556;
28.604633, 24.609432;
27.921608, 25.158877;
27.239131, 25.697010;
