0.001201, 1.925177;
0.004794, 1.922776;
0.010761, 1.917976;
0.016664, 1.911415;
0.024798, 1.902887;
0.035101, 1.892298;
0.047528, 1.879608;
0.062046, 1.864806;
0.078621, 1.847899;
0.097215, 1.828910;
0.117783, 1.807870;
0.140276, 1.784823;
0.164635, 1.759818;
0.190794, 1.732916;
0.218682, 1.704183;
0.248217, 1.673694;
0.279314, 1.641531;
0.311879, 1.607782;
0.345815, 1.572544;
0.381014, 1.535919;
0.417365, 1.498015;
0.454752, 1.458947;
0.493052, 1.418837;
0.532137, 1.377810;
0.571876, 1.335999;
0.612131, 1.293539;
0.652761, 1.250573;
0.693623, 1.207245;
0.734569, 1.163704;
0.775449, 1.120103;
0.816110, 1.076596;
0.856398, 1.033340;
0.896159, 0.990494;
0.935237, 0.948216;
0.973478, 0.906666;
1.010728, 0.866002;
1.046834, 0.826382;
1.081648, 0.787961;
1.115023, 0.750890;
1.146817, 0.715319;
1.176893, 0.681390;
1.205118, 0.649244;
1.231368, 0.619011;
1.255525, 0.590818;
1.277477, 0.564782;
1.297124, 0.541013;
1.314373, 0.519610;
1.329141, 0.500665;
1.341357, 0.484256;
1.350958, 0.470454;
1.357897, 0.459315;
1.362134, 0.450885;
1.363644, 0.445198;
1.362415, 0.442274;
1.358444, 0.442123;
1.351744, 0.444740;
1.342339, 0.450107;
1.330266, 0.458195;
1.315574, 0.468961;
1.298325, 0.482352;
1.278590, 0.498301;
1.256454, 0.516730;
1.232012, 0.537550;
1.205368, 0.560662;
1.176636, 0.585956;
1.145940, 0.613316;
1.113411, 0.642613;
1.079188, 0.673713;
1.043415, 0.706475;
1.006243, 0.740751;
0.967828, 0.776389;
0.928330, 0.813232;
0.887911, 0.851118;
0.846736, 0.889884;
0.804972, 0.929364;
0.762786, 0.969392;
0.720345, 1.009801;
0.677817, 1.050423;
0.635365, 1.091093;
0.593153, 1.131647;
0.551340, 1.171923;
0.510084, 1.211763;
0.469536, 1.251011;
0.429845, 1.289515;
0.391155, 1.327128;
0.353604, 1.363709;
0.317325, 1.399119;
0.282446, 1.433226;
0.249088, 1.465904;
0.217366, 1.497032;
0.187392, 1.526492;
0.159267, 1.554176;
0.133091, 1.579979;
0.108957, 1.603800;
0.086954, 1.625543;
0.067165, 1.645115;
0.049676, 1.662425;
0.034571, 1.677378;
0.021942, 1.689871;
0.011903, 1.699779;
0.004625, 1.706909;
0.001308, 1.711852;
0.000148, 1.714600;
0.001128, 1.715152;
0.004223, 1.713511;
0.009405, 1.709691;
0.016637, 1.703708;
0.018069, 1.697267;
0.023098, 1.689624;
0.030888, 1.680399;
0.040996, 1.669420;
0.053178, 1.656618;
0.067295, 1.641974;
0.083256, 1.625496;
0.100993, 1.607211;
0.120444, 1.587155;
0.141547, 1.565376;
0.164239, 1.541929;
0.188450, 1.516878;
0.214106, 1.490292;
0.241127, 1.462248;
0.269425, 1.432829;
0.298911, 1.402123;
0.329487, 1.370227;
0.361051, 1.337239;
0.393497, 1.303266;
0.426713, 1.268418;
0.460583, 1.232810;
0.494988, 1.196562;
0.529805, 1.159798;
0.564908, 1.122644;
0.600167, 1.085230;
0.635451, 1.047691;
0.670626, 1.010161;
0.705558, 0.972777;
0.740111, 0.935678;
0.774149, 0.899003;
0.807536, 0.862890;
0.840137, 0.827479;
0.871819, 0.792906;
0.902450, 0.759308;
0.931902, 0.726817;
0.960049, 0.695564;
0.986771, 0.665674;
1.011950, 0.637270;
1.035476, 0.610466;
1.057244, 0.585375;
1.077156, 0.562099;
1.095120, 0.540736;
1.111053, 0.521374;
1.124881, 0.504095;
1.136537, 0.488971;
1.145965, 0.476063;
1.153118, 0.465426;
1.157959, 0.457103;
1.160462, 0.451125;
1.160610, 0.447516;
1.158399, 0.446286;
1.153834, 0.447437;
1.146930, 0.450957;
1.137716, 0.456827;
1.126228, 0.465014;
1.112515, 0.475476;
1.096634, 0.488160;
1.078653, 0.503004;
1.058650, 0.519937;
1.036710, 0.538877;
1.012927, 0.559734;
0.987404, 0.582411;
0.960251, 0.606802;
0.931583, 0.632796;
0.901523, 0.660273;
0.870198, 0.689109;
0.837739, 0.719176;
0.804283, 0.750339;
0.769968, 0.782463;
0.734937, 0.815408;
0.699331, 0.849031;
0.663296, 0.883189;
0.626977, 0.917738;
0.590516, 0.952535;
0.554059, 0.987433;
0.517748, 1.022292;
0.481722, 1.056969;
0.446119, 1.091325;
0.411075, 1.125223;
0.376720, 1.158529;
0.343181, 1.191114;
0.310583, 1.222850;
0.279044, 1.253615;
0.248679, 1.283290;
0.219596, 1.311762;
0.191901, 1.338922;
0.165693, 1.364665;
0.141065, 1.388891;
0.118109, 1.411505;
0.096907, 1.432417;
0.077543, 1.451538;
0.060093, 1.468783;
0.044634, 1.484071;
0.031243, 1.497314;
0.020003, 1.508420;
0.011017, 1.517277;
0.004431, 1.523718;
0.001351, 1.528262;
0.000139, 1.530902;
0.000782, 1.531634;
0.003261, 1.530462;
0.007552, 1.527394;
0.013622, 1.522447;
0.014342, 1.517209;
0.018203, 1.510995;
0.024472, 1.503441;
0.032761, 1.494382;
0.042857, 1.483748;
0.054637, 1.471518;
0.068021, 1.457698;
0.082950, 1.442309;
0.099369, 1.425382;
0.117226, 1.406958;
0.136465, 1.387085;
0.157025, 1.365819;
0.178841, 1.343220;
0.201842, 1.319356;
0.225953, 1.294299;
0.251095, 1.268127;
0.277182, 1.240923;
0.304125, 1.212775;
0.331831, 1.183775;
0.360203, 1.154020;
0.389139, 1.123610;
0.418537, 1.092649;
0.448288, 1.061244;
0.478284, 1.029506;
0.508412, 0.997547;
0.538559, 0.965483;
0.568610, 0.933430;
0.598448, 0.901506;
0.627956, 0.869831;
0.657019, 0.838524;
0.685520, 0.807703;
0.713343, 0.777487;
0.740374, 0.747994;
0.766502, 0.719339;
0.791618, 0.691635;
0.815614, 0.664992;
0.838389, 0.639519;
0.859843, 0.615316;
0.879884, 0.592483;
0.898422, 0.571113;
0.915374, 0.551294;
0.930665, 0.533107;
0.944225, 0.516628;
0.955990, 0.501923;
0.965905, 0.489054;
0.973923, 0.478073;
0.980005, 0.469024;
0.984120, 0.461945;
0.986246, 0.456861;
0.986370, 0.453793;
0.984487, 0.452748;
0.980603, 0.453728;
0.974731, 0.456724;
0.966894, 0.461718;
0.957123, 0.468684;
0.945458, 0.477586;
0.931949, 0.488381;
0.916653, 0.501015;
0.899633, 0.515429;
0.880963, 0.531554;
0.860722, 0.549315;
0.838996, 0.568629;
0.815878, 0.589407;
0.791465, 0.611556;
0.765860, 0.634974;
0.739171, 0.659557;
0.711510, 0.685195;
0.682992, 0.711775;
0.653736, 0.739181;
0.623860, 0.767294;
0.593489, 0.795992;
0.562744, 0.825155;
0.531749, 0.854657;
0.500628, 0.884375;
0.469505, 0.914187;
0.438502, 0.943967;
0.407739, 0.973596;
0.377336, 1.002951;
0.347409, 1.031916;
0.318072, 1.060374;
0.289435, 1.088211;
0.261607, 1.115317;
0.234691, 1.141586;
0.208787, 1.166913;
0.183990, 1.191200;
0.160393, 1.214350;
0.138082, 1.236272;
0.117142, 1.256878;
0.097651, 1.276083;
0.079684, 1.293807;
0.063314, 1.309972;
0.048610, 1.324503;
0.035641, 1.337325;
0.024478, 1.348359;
0.015198, 1.357520;
0.007898, 1.364699;
0.003689, 1.370250;
0.001095, 1.374160;
0.000113, 1.376421;
0.000730, 1.377030;
0.002930, 1.375990;
0.006692, 1.373308;
0.011990, 1.368999;
0.011537, 1.364699;
0.014068, 1.359710;
0.018823, 1.353640;
0.025400, 1.346301;
0.033582, 1.337615;
0.043245, 1.327552;
0.054313, 1.316113;
0.066729, 1.303312;
0.080445, 1.289175;
0.095415, 1.273737;
0.111589, 1.257039;
0.128915, 1.239127;
0.147338, 1.220055;
0.166795, 1.199880;
0.187222, 1.178665;
0.208550, 1.156477;
0.230705, 1.133389;
0.253609, 1.109476;
0.277182, 1.084817;
0.301340, 1.059498;
0.325996, 1.033603;
0.351059, 1.007224;
0.376437, 0.980453;
0.402036, 0.953385;
0.427759, 0.926117;
0.453509, 0.898748;
0.479185, 0.871378;
0.504689, 0.844110;
0.529920, 0.817045;
0.554778, 0.790285;
0.579164, 0.763933;
0.602978, 0.738089;
0.626125, 0.712854;
0.648507, 0.688326;
0.670032, 0.664603;
0.690609, 0.641777;
0.710151, 0.619941;
0.728574, 0.599181;
0.745798, 0.579582;
0.761748, 0.561223;
0.776353, 0.544179;
0.789548, 0.528518;
0.801275, 0.514305;
0.811478, 0.501598;
0.820112, 0.490449;
0.827136, 0.480901;
0.832515, 0.472995;
0.836224, 0.466760;
0.838243, 0.462222;
0.838561, 0.459395;
0.837172, 0.458290;
0.834080, 0.458907;
0.829296, 0.461240;
0.822839, 0.465275;
0.814733, 0.470992;
0.805011, 0.478360;
0.793715, 0.487344;
0.780891, 0.497900;
0.766592, 0.509979;
0.750879, 0.523525;
0.733819, 0.538473;
0.715482, 0.554756;
0.695947, 0.572299;
0.675295, 0.591022;
0.653613, 0.610843;
0.630992, 0.631671;
0.607526, 0.653416;
0.583312, 0.675981;
0.558451, 0.699267;
0.533044, 0.723174;
0.507195, 0.747600;
0.481010, 0.772439;
0.454594, 0.797586;
0.428052, 0.822935;
0.401491, 0.848380;
0.375016, 0.873816;
0.348730, 0.899137;
0.322737, 0.924240;
0.297138, 0.949021;
0.272030, 0.973381;
0.247511, 0.997220;
0.223673, 1.020444;
0.200608, 1.042958;
0.178404, 1.064672;
0.157143, 1.085499;
0.136906, 1.105355;
0.117771, 1.124159;
0.099811, 1.141833;
0.083096, 1.158304;
0.067693, 1.173499;
0.053665, 1.187351;
0.041074, 1.199792;
0.029983, 1.210755;
0.020453, 1.220171;
0.012555, 1.227962;
0.006379, 1.234028;
0.002890, 1.238691;
0.000792, 1.241939;
0.000082, 1.243764;
0.000748, 1.244165;
0.002778, 1.243144;
0.006152, 1.240708;
0.010847, 1.236870;
0.010548, 1.233014;
0.012863, 1.228548;
0.017114, 1.223143;
0.022944, 1.216643;
0.030159, 1.208982;
0.038649, 1.200138;
0.048345, 1.190112;
0.059196, 1.178919;
0.071161, 1.166583;
0.084195, 1.153136;
0.098256, 1.138613;
0.113297, 1.123058;
0.129268, 1.106518;
0.146114, 1.089044;
0.163778, 1.070693;
0.182197, 1.051523;
0.201308, 1.031599;
0.221042, 1.010987;
0.241329, 0.989758;
0.262093, 0.967985;
0.283260, 0.945744;
0.304750, 0.923114;
0.326483, 0.900175;
0.348376, 0.877011;
0.370347, 0.853705;
0.392310, 0.830343;
0.414181, 0.807012;
0.435872, 0.783799;
0.457300, 0.760792;
0.478376, 0.738078;
0.499018, 0.715744;
0.519141, 0.693876;
0.538662, 0.672560;
0.557501, 0.651879;
0.575579, 0.631915;
0.592820, 0.612745;
0.609151, 0.594448;
0.624502, 0.577096;
0.638806, 0.560759;
0.652002, 0.545502;
0.664032, 0.531387;
0.674841, 0.518472;
0.684382, 0.506808;
0.692611, 0.496443;
0.699491, 0.487418;
0.704990, 0.479769;
0.709081, 0.473526;
0.711744, 0.468715;
0.712965, 0.465351;
0.712737, 0.463448;
0.711058, 0.463010;
0.707932, 0.464037;
0.703372, 0.466520;
0.697395, 0.470446;
0.690024, 0.475795;
0.681290, 0.482540;
0.671229, 0.490649;
0.659881, 0.500083;
0.647295, 0.510799;
0.633523, 0.522746;
0.618623, 0.535870;
0.602656, 0.550111;
0.585690, 0.565405;
0.567795, 0.581683;
0.549047, 0.598873;
0.529522, 0.616899;
0.509303, 0.635681;
0.488471, 0.655137;
0.467114, 0.675183;
0.445319, 0.695732;
0.423173, 0.716695;
0.400768, 0.737984;
0.378193, 0.759508;
0.355540, 0.781177;
0.332898, 0.802899;
0.310358, 0.824583;
0.288008, 0.846141;
0.265937, 0.867483;
0.244231, 0.888520;
0.222974, 0.909167;
0.202248, 0.929340;
0.182135, 0.948956;
0.162711, 0.967935;
0.144051, 0.986199;
0.126227, 1.003674;
0.109309, 1.020287;
0.093362, 1.035969;
0.078450, 1.050654;
0.064632, 1.064277;
0.051967, 1.076777;
0.040509, 1.088094;
0.030313, 1.098168;
0.021434, 1.106942;
0.013930, 1.114349;
0.007869, 1.120313;
0.004149, 1.125079;
0.001625, 1.128632;
0.000295, 1.130963;
0.000154, 1.132067;
0.001193, 1.131944;
0.003398, 1.130598;
0.006751, 1.128036;
0.011232, 1.124271;
0.010818, 1.120527;
0.012925, 1.116274;
0.016832, 1.111219;
0.022163, 1.105227;
0.028715, 1.098240;
0.036375, 1.090241;
0.045072, 1.081234;
0.054756, 1.071234;
0.065386, 1.060263;
0.076923, 1.048351;
0.089325, 1.035532;
0.102550, 1.021845;
0.116552, 1.007332;
0.131283, 0.992041;
0.146691, 0.976021;
0.162720, 0.959327;
0.179313, 0.942014;
0.196409, 0.924143;
0.213946, 0.905776;
0.231859, 0.886977;
0.250080, 0.867813;
0.268541, 0.848354;
0.287171, 0.828669;
0.305900, 0.808831;
0.324654, 0.788913;
0.343360, 0.768989;
0.361945, 0.749134;
0.380336, 0.729423;
0.398458, 0.709930;
0.416239, 0.690732;
0.433606, 0.671900;
0.450489, 0.653509;
0.466818, 0.635631;
0.482525, 0.618335;
0.497545, 0.601690;
0.511814, 0.585761;
0.525272, 0.570613;
0.537860, 0.556305;
0.549526, 0.542895;
0.560218, 0.530437;
0.569889, 0.518980;
0.578497, 0.508571;
0.586002, 0.499251;
0.592372, 0.491057;
0.597577, 0.484023;
0.601593, 0.478175;
0.604400, 0.473537;
0.605985, 0.470125;
0.606339, 0.467952;
0.605458, 0.467025;
0.603345, 0.467344;
0.600006, 0.468907;
0.595454, 0.471704;
0.589706, 0.475720;
0.582787, 0.480934;
0.574723, 0.487323;
0.565549, 0.494855;
0.555302, 0.503496;
0.544024, 0.513205;
0.531762, 0.523938;
0.518567, 0.535648;
0.504495, 0.548280;
0.489602, 0.561778;
0.473953, 0.576083;
0.457610, 0.591131;
0.440642, 0.606857;
0.423118, 0.623190;
0.405112, 0.640061;
0.386696, 0.657396;
0.367945, 0.675121;
0.348936, 0.693160;
0.329746, 0.711436;
0.310453, 0.729872;
0.291133, 0.748390;
0.271864, 0.766912;
0.252722, 0.785360;
0.233785, 0.803659;
0.215125, 0.821731;
0.196818, 0.839502;
0.178934, 0.856899;
0.161543, 0.873850;
0.144715, 0.890284;
0.128514, 0.906133;
0.113004, 0.921333;
0.098246, 0.935818;
0.084298, 0.949528;
0.071217, 0.962405;
0.059056, 0.974390;
0.047865, 0.985430;
0.037695, 0.995472;
0.028593, 1.004464;
0.020607, 1.012354;
0.013787, 1.019087;
0.008189, 1.024601;
0.004618, 1.029090;
0.002073, 1.032541;
0.000553, 1.034945;
0.000056, 1.036295;
0.000575, 1.036590;
0.002100, 1.035831;
0.004617, 1.034025;
0.008109, 1.031179;
0.012556, 1.027306;
0.012415, 1.023411;
0.014696, 1.019047;
0.018645, 1.013981;
0.023870, 1.008108;
0.030164, 1.001386;
0.037411, 0.993806;
0.045537, 0.985376;
0.054495, 0.976111;
0.064241, 0.966036;
0.074739, 0.955180;
0.085949, 0.943576;
0.097831, 0.931260;
0.110343, 0.918272;
0.123440, 0.904656;
0.137075, 0.890457;
0.151197, 0.875726;
0.165754, 0.860512;
0.180693, 0.844869;
0.195957, 0.828854;
0.211489, 0.812524;
0.227229, 0.795938;
0.243116, 0.779157;
0.259090, 0.762242;
0.275088, 0.745257;
0.291047, 0.728266;
0.306904, 0.711331;
0.322596, 0.694518;
0.338060, 0.677891;
0.353234, 0.661514;
0.368055, 0.645449;
0.382463, 0.629760;
0.396400, 0.614507;
0.409806, 0.599751;
0.422627, 0.585549;
0.434807, 0.571957;
0.446296, 0.559031;
0.457045, 0.546820;
0.467008, 0.535374;
0.476141, 0.524738;
0.484405, 0.514955;
0.491763, 0.506063;
0.498183, 0.498099;
0.503637, 0.491094;
0.508099, 0.485075;
0.511549, 0.480065;
0.513971, 0.476085;
0.515353, 0.473148;
0.515687, 0.471265;
0.514970, 0.470443;
0.513204, 0.470681;
0.510395, 0.471978;
0.506553, 0.474325;
0.501694, 0.477710;
0.495837, 0.482116;
0.489005, 0.487523;
0.481227, 0.493904;
0.472533, 0.501229;
0.462961, 0.509467;
0.452550, 0.518578;
0.441342, 0.528522;
0.429384, 0.539255;
0.416725, 0.550729;
0.403418, 0.562892;
0.389518, 0.575691;
0.375082, 0.589071;
0.360169, 0.602973;
0.344841, 0.617336;
0.329160, 0.632098;
0.313191, 0.647197;
0.296997, 0.662567;
0.280646, 0.678143;
0.264202, 0.693858;
0.247733, 0.709647;
0.231304, 0.725442;
0.214980, 0.741178;
0.198828, 0.756788;
0.182912, 0.772207;
0.167294, 0.787371;
0.152036, 0.802216;
0.137198, 0.816681;
0.122840, 0.830705;
0.109019, 0.844230;
0.095788, 0.857198;
0.083201, 0.869554;
0.071308, 0.881246;
0.060158, 0.892221;
0.049798, 0.902433;
0.040272, 0.911831;
0.031622, 0.920372;
0.023891, 0.928009;
0.017120, 0.934697;
0.011353, 0.940388;
0.006641, 0.945026;
0.003676, 0.948785;
0.001590, 0.951653;
0.000383, 0.953622;
0.000052, 0.954687;
0.000591, 0.954848;
0.001991, 0.954105;
0.004241, 0.952463;
0.007325, 0.949931;
0.011226, 0.946520;
0.011193, 0.943073;
0.013253, 0.939215;
0.016750, 0.934752;
0.021344, 0.929596;
0.026854, 0.923714;
0.033177, 0.917099;
0.040251, 0.909758;
0.048032, 0.901707;
0.056484, 0.892967;
0.065573, 0.883565;
0.075266, 0.873528;
0.085526, 0.862890;
0.096316, 0.851685;
0.107598, 0.839952;
0.119330, 0.827730;
0.131469, 0.815063;
0.143968, 0.801995;
0.156781, 0.788573;
0.169859, 0.774845;
0.183153, 0.760862;
0.196611, 0.746673;
0.210181, 0.732332;
0.223809, 0.717893;
0.237444, 0.703408;
0.251029, 0.688934;
0.264512, 0.674524;
0.277839, 0.660233;
0.290956, 0.646117;
0.303809, 0.632230;
0.316346, 0.618626;
0.328516, 0.605357;
0.340269, 0.592476;
0.351556, 0.580032;
0.362329, 0.568076;
0.372544, 0.556654;
0.382157, 0.545811;
0.391128, 0.535590;
0.399417, 0.526033;
0.406990, 0.517176;
0.413814, 0.509056;
0.419858, 0.501704;
0.425096, 0.495149;
0.429504, 0.489418;
0.433064, 0.484532;
0.435758, 0.480510;
0.437574, 0.477368;
0.438502, 0.475118;
0.438538, 0.473765;
0.437680, 0.473316;
0.435930, 0.473769;
0.433296, 0.475121;
0.429785, 0.477365;
0.425414, 0.480488;
0.420198, 0.484475;
0.414158, 0.489309;
0.407321, 0.494965;
0.399712, 0.501419;
0.391364, 0.508640;
0.382311, 0.516597;
0.372590, 0.525253;
0.362241, 0.534570;
0.351307, 0.544508;
0.339832, 0.555021;
0.327865, 0.566065;
0.315454, 0.577590;
0.302649, 0.589547;
0.289504, 0.601884;
0.276073, 0.614548;
0.262409, 0.627485;
0.248569, 0.640639;
0.234608, 0.653953;
0.220583, 0.667373;
0.206551, 0.680839;
0.192568, 0.694297;
0.178690, 0.707688;
0.164973, 0.720957;
0.151472, 0.734048;
0.138240, 0.746906;
0.125331, 0.759476;
0.112795, 0.771706;
0.100683, 0.783545;
0.089044, 0.794942;
0.077924, 0.805848;
0.067367, 0.816216;
0.057419, 0.826002;
0.048119, 0.835161;
0.039507, 0.843652;
0.031622, 0.851433;
0.024500, 0.858466;
0.018179, 0.864710;
0.012693, 0.870126;
0.008084, 0.874671;
0.004983, 0.878470;
0.002632, 0.881513;
0.001033, 0.883790;
0.000186, 0.885294;
0.000089, 0.886023;
0.000735, 0.885974;
0.002117, 0.885151;
0.004223, 0.883559;
0.007041, 0.881205;
0.010554, 0.878099;
0.010272, 0.875011;
0.011951, 0.871597;
0.014943, 0.867678;
0.018917, 0.863172;
0.023694, 0.858048;
0.029177, 0.852300;
0.035306, 0.845933;
0.042040, 0.838961;
0.049346, 0.831404;
0.057193, 0.823283;
0.065552, 0.814625;
0.074391, 0.805457;
0.083679, 0.795811;
0.093380, 0.785720;
0.103458, 0.775219;
0.113876, 0.764345;
0.124594, 0.753136;
0.135571, 0.741634;
0.146766, 0.729880;
0.158135, 0.717917;
0.169633, 0.705789;
0.181217, 0.693543;
0.192841, 0.681222;
0.204458, 0.668875;
0.216022, 0.656547;
0.227488, 0.644286;
0.238808, 0.632139;
0.249938, 0.620152;
0.260832, 0.608372;
0.271446, 0.596844;
0.281735, 0.585614;
0.291658, 0.574724;
0.301173, 0.564219;
0.310241, 0.554140;
0.318824, 0.544525;
0.326884, 0.535413;
0.334389, 0.526840;
0.341306, 0.518841;
0.347606, 0.511445;
0.353260, 0.504684;
0.358245, 0.498583;
0.362539, 0.493167;
0.366122, 0.488456;
0.368979, 0.484470;
0.371097, 0.481222;
0.372465, 0.478725;
0.373076, 0.476989;
0.372928, 0.476018;
0.372019, 0.475816;
0.370353, 0.476382;
0.367935, 0.477711;
0.364775, 0.479796;
0.360885, 0.482627;
0.356281, 0.486191;
0.350980, 0.490470;
0.345005, 0.495445;
0.338380, 0.501094;
0.331132, 0.507390;
0.323291, 0.514305;
0.314888, 0.521809;
0.305959, 0.529869;
0.296539, 0.538448;
0.286669, 0.547510;
0.276387, 0.557014;
0.265736, 0.566920;
0.254760, 0.577185;
0.243504, 0.587764;
0.232013, 0.598611;
0.220335, 0.609681;
0.208516, 0.620925;
0.196606, 0.632296;
0.184651, 0.643746;
0.172700, 0.655225;
0.160802, 0.666686;
0.149005, 0.678079;
0.137355, 0.689357;
0.125900, 0.700472;
0.114686, 0.711377;
0.103757, 0.722026;
0.093158, 0.732373;
0.082931, 0.742375;
0.073118, 0.751989;
0.063759, 0.761173;
0.054891, 0.769887;
0.046553, 0.778092;
0.038778, 0.785752;
0.031601, 0.792830;
0.025056, 0.799291;
0.019172, 0.805101;
0.013983, 0.810226;
0.009520, 0.814631;
0.006353, 0.818408;
0.003824, 0.821545;
0.001937, 0.824031;
0.000693, 0.825860;
0.000093, 0.827026;
0.000133, 0.827527;
0.000808, 0.827362;
0.002112, 0.826533;
0.004034, 0.825045;
0.006562, 0.822906;
0.009683, 0.820124;
0.013381, 0.816712;
0.013371, 0.813285;
0.015323, 0.809562;
0.018533, 0.805403;
0.022639, 0.800749;
0.027449, 0.795579;
0.032859, 0.789893;
0.038805, 0.783701;
0.045244, 0.777018;
0.052143, 0.769865;
0.059471, 0.762264;
0.067198, 0.754240;
0.075296, 0.745822;
0.083732, 0.737038;
0.092475, 0.727919;
0.101491, 0.718498;
0.110747, 0.708810;
0.120205, 0.698889;
0.129831, 0.688773;
0.139585, 0.678498;
0.149430, 0.668103;
0.159326, 0.657628;
0.169236, 0.647111;
0.179118, 0.636593;
0.188934, 0.626114;
0.198644, 0.615714;
0.208208, 0.605433;
0.217589, 0.595311;
0.226747, 0.585387;
0.235644, 0.575700;
0.244245, 0.566287;
0.252514, 0.557186;
0.260416, 0.548433;
0.267918, 0.540060;
0.274989, 0.532103;
0.281598, 0.524592;
0.287718, 0.517556;
0.293323, 0.511024;
0.298388, 0.505021;
0.302893, 0.499571;
0.306816, 0.494695;
0.310141, 0.490413;
0.312853, 0.486740;
0.314941, 0.483690;
0.316393, 0.481276;
0.317204, 0.479506;
0.317370, 0.478386;
0.316888, 0.477920;
0.315759, 0.478107;
0.313989, 0.478946;
0.311582, 0.480432;
0.308550, 0.482557;
0.304903, 0.485311;
0.300656, 0.488681;
0.295827, 0.492651;
0.290435, 0.497203;
0.284501, 0.502317;
0.278051, 0.507970;
0.271110, 0.514136;
0.263707, 0.520788;
0.255872, 0.527897;
0.247637, 0.535432;
0.239036, 0.543360;
0.230104, 0.551647;
0.220878, 0.560255;
0.211395, 0.569150;
0.201694, 0.578291;
0.191815, 0.587640;
0.181797, 0.597157;
0.171682, 0.606800;
0.161511, 0.616530;
0.151324, 0.626304;
0.141163, 0.636082;
0.131069, 0.645820;
0.121083, 0.655479;
0.111245, 0.665017;
0.101594, 0.674393;
0.092171, 0.683569;
0.083012, 0.692504;
0.074155, 0.701161;
0.065636, 0.709501;
0.057489, 0.717490;
0.049749, 0.725092;
0.042448, 0.732274;
0.035616, 0.739002;
0.029283, 0.745245;
0.023478, 0.750973;
0.018228, 0.756156;
0.013562, 0.760764;
0.009505, 0.764769;
0.006560, 0.768242;
0.004156, 0.771172;
0.002300, 0.773550;
0.000994, 0.775367;
0.000238, 0.776619;
0.000030, 0.777302;
0.000369, 0.777415;
0.001247, 0.776959;
0.002658, 0.775937;
0.004593, 0.774354;
0.007039, 0.772217;
0.009985, 0.769537;
0.013416, 0.766323;
0.013465, 0.763093;
0.015308, 0.759610;
0.018281, 0.755757;
0.022043, 0.751487;
0.026414, 0.746783;
0.031294, 0.741646;
0.036626, 0.736088;
0.042368, 0.730122;
0.048490, 0.723767;
0.054964, 0.717045;
0.061764, 0.709977;
0.068862, 0.702589;
0.076232, 0.694907;
0.083844, 0.686958;
0.091670, 0.678772;
0.099679, 0.670377;
0.107840, 0.661806;
0.116120, 0.653090;
0.124488, 0.644263;
0.132910, 0.635356;
0.141353, 0.626404;
0.149783, 0.617441;
0.158165, 0.608501;
0.166467, 0.599619;
0.174655, 0.590829;
0.182695, 0.582164;
0.190554, 0.573659;
0.198201, 0.565347;
0.205604, 0.557259;
0.212732, 0.549429;
0.219555, 0.541885;
0.226045, 0.534659;
0.232176, 0.527778;
0.237921, 0.521270;
0.243255, 0.515159;
0.248157, 0.509471;
0.252605, 0.504228;
0.256580, 0.499450;
0.260066, 0.495155;
0.263046, 0.491361;
0.265508, 0.488082;
0.267440, 0.485331;
0.268835, 0.483118;
0.269685, 0.481450;
0.269987, 0.480335;
0.269737, 0.479775;
0.268938, 0.479772;
0.267590, 0.480324;
0.265700, 0.481428;
0.263275, 0.483078;
0.260323, 0.485266;
0.256858, 0.487982;
0.252892, 0.491213;
0.248441, 0.494944;
0.243525, 0.499158;
0.238162, 0.503837;
0.232374, 0.508959;
0.226186, 0.514503;
0.219622, 0.520444;
0.212709, 0.526755;
0.205476, 0.533410;
0.197952, 0.540379;
0.190167, 0.547632;
0.182154, 0.555137;
0.173945, 0.562864;
0.165574, 0.570777;
0.157075, 0.578844;
0.148481, 0.587030;
0.139829, 0.595300;
0.131154, 0.603618;
0.122490, 0.611950;
0.113872, 0.620259;
0.105336, 0.628510;
0.096916, 0.636669;
0.088647, 0.644700;
0.080561, 0.652570;
0.072691, 0.660243;
0.065070, 0.667689;
0.057729, 0.674874;
0.050698, 0.681766;
0.044006, 0.688337;
0.037680, 0.694556;
0.031749, 0.700396;
0.026237, 0.705828;
0.021170, 0.710827;
0.016572, 0.715366;
0.012466, 0.719421;
0.008875, 0.722966;
0.006236, 0.726060;
0.004058, 0.728692;
0.002346, 0.730855;
0.001103, 0.732540;
0.000330, 0.733743;
0.000027, 0.734460;
0.000191, 0.734690;
0.000817, 0.734433;
0.001901, 0.733691;
0.003434, 0.732469;
0.005408, 0.730771;
0.007811, 0.728605;
0.010632, 0.725981;
0.010483, 0.723369;
0.011878, 0.720553;
0.014247, 0.717426;
0.017297, 0.713942;
0.020872, 0.710085;
0.024890, 0.705855;
0.029298, 0.701259;
0.034064, 0.696310;
0.039161, 0.691022;
0.044566, 0.685413;
0.050257, 0.679501;
0.056212, 0.673308;
0.062406, 0.666856;
0.068817, 0.660167;
0.075419, 0.653266;
0.082187, 0.646178;
0.089094, 0.638930;
0.096113, 0.631549;
0.103217, 0.624062;
0.110377, 0.616497;
0.117565, 0.608884;
0.124752, 0.601250;
0.131909, 0.593626;
0.139008, 0.586041;
0.146019, 0.578524;
0.152914, 0.571104;
0.159665, 0.563810;
0.166245, 0.556670;
0.172626, 0.549712;
0.178781, 0.542963;
0.184687, 0.536450;
0.190317, 0.530198;
0.195648, 0.524232;
0.200659, 0.518575;
0.205328, 0.513250;
0.209635, 0.508276;
0.213561, 0.503675;
0.217091, 0.499464;
0.220209, 0.495658;
0.222902, 0.492274;
0.225157, 0.489324;
0.226965, 0.486820;
0.228318, 0.484770;
0.229209, 0.483183;
0.229635, 0.482063;
0.229592, 0.481416;
0.229081, 0.481241;
0.228103, 0.481540;
0.226661, 0.482310;
0.224762, 0.483546;
0.222412, 0.485243;
0.219620, 0.487392;
0.216398, 0.489984;
0.212760, 0.493006;
0.208718, 0.496444;
0.204290, 0.500285;
0.199494, 0.504510;
0.194349, 0.509100;
0.188876, 0.514037;
0.183098, 0.519297;
0.177038, 0.524858;
0.170720, 0.530697;
0.164171, 0.536787;
0.157418, 0.543102;
0.150487, 0.549616;
0.143407, 0.556300;
0.136206, 0.563125;
0.128915, 0.570063;
0.121563, 0.577083;
0.114179, 0.584156;
0.106794, 0.591251;
0.099438, 0.598338;
0.092140, 0.605388;
0.084930, 0.612369;
0.077838, 0.619252;
0.070892, 0.626008;
0.064120, 0.632607;
0.057551, 0.639022;
0.051211, 0.645223;
0.045127, 0.651185;
0.039323, 0.656881;
0.033823, 0.662286;
0.028653, 0.667375;
0.023833, 0.672124;
0.019385, 0.676510;
0.015331, 0.680511;
0.011691, 0.684106;
0.008484, 0.687272;
0.006090, 0.690056;
0.004089, 0.692450;
0.002483, 0.694445;
0.001278, 0.696034;
0.000473, 0.697212;
0.000070, 0.697977;
0.000066, 0.698325;
0.000459, 0.698256;
0.001245, 0.697773;
0.002417, 0.696877;
0.003968, 0.695573;
0.005890, 0.693867;
0.008172, 0.691766;
0.010803, 0.689279;
0.010764, 0.686793;
0.012127, 0.684130;
0.014359, 0.681203;
0.017186, 0.677975;
0.020466, 0.674435;
0.024118, 0.670585;
0.028097, 0.666432;
0.032372, 0.661988;
0.036917, 0.657267;
0.041712, 0.652284;
0.046738, 0.647058;
0.051972, 0.641606;
0.057396, 0.635948;
0.062988, 0.630106;
0.068726, 0.624099;
0.074587, 0.617952;
0.080548, 0.611686;
0.086586, 0.605325;
0.092677, 0.598894;
0.098796, 0.592416;
0.104919, 0.585917;
0.111021, 0.579422;
0.117078, 0.572954;
0.123064, 0.566541;
0.128956, 0.560205;
0.134730, 0.553972;
0.140362, 0.547866;
0.145829, 0.541912;
0.151108, 0.536131;
0.156177, 0.530547;
0.161015, 0.525182;
0.165603, 0.520056;
0.169921, 0.515191;
0.173950, 0.510604;
0.177675, 0.506314;
0.181078, 0.502338;
0.184147, 0.498691;
0.186866, 0.495387;
0.189226, 0.492440;
0.191214, 0.489860;
0.192824, 0.487658;
0.194048, 0.485841;
0.194879, 0.484417;
0.195315, 0.483391;
0.195352, 0.482765;
0.194991, 0.482542;
0.194232, 0.482722;
0.193078, 0.483303;
0.191534, 0.484282;
0.189604, 0.485654;
0.187298, 0.487412;
0.184623, 0.489548;
0.181592, 0.492053;
0.178215, 0.494915;
0.174506, 0.498121;
0.170482, 0.501657;
0.166157, 0.505508;
0.161549, 0.509656;
0.156678, 0.514084;
0.151563, 0.518772;
0.146225, 0.523700;
0.140685, 0.528846;
0.134967, 0.534189;
0.129093, 0.539705;
0.123087, 0.545370;
0.116974, 0.551161;
0.110779, 0.557053;
0.104527, 0.563019;
0.098243, 0.569036;
0.091953, 0.575076;
0.085683, 0.581115;
0.079458, 0.587126;
0.073303, 0.593083;
0.067244, 0.598962;
0.061305, 0.604737;
0.055510, 0.610383;
0.049883, 0.615876;
0.044448, 0.621191;
0.039227, 0.626306;
0.034241, 0.631198;
0.029512, 0.635845;
0.025059, 0.640226;
0.020903, 0.644321;
0.017061, 0.648109;
0.013552, 0.651571;
0.010394, 0.654690;
0.007604, 0.657445;
0.005507, 0.659877;
0.003744, 0.661976;
0.002319, 0.663736;
0.001234, 0.665150;
0.000492, 0.666215;
0.000092, 0.666926;
0.000033, 0.667282;
0.000314, 0.667283;
0.000930, 0.666929;
0.001877, 0.666222;
0.003148, 0.665166;
0.004737, 0.663766;
0.006635, 0.662028;
0.008833, 0.659959;
0.011319, 0.657568;
0.011452, 0.655162;
0.012840, 0.652600;
0.014995, 0.649814;
0.017666, 0.646777;
0.020719, 0.643483;
0.024083, 0.639934;
0.027715, 0.636138;
0.031586, 0.632108;
0.035674, 0.627855;
0.039959, 0.623396;
0.044423, 0.618745;
0.049048, 0.613919;
0.053816, 0.608936;
0.058708, 0.603815;
0.063703, 0.598575;
0.068783, 0.593235;
0.073928, 0.587815;
0.079116, 0.582336;
0.084327, 0.576819;
0.089540, 0.571285;
0.094734, 0.565756;
0.099888, 0.560252;
0.104981, 0.554795;
0.109992, 0.549406;
0.114901, 0.544106;
0.119688, 0.538916;
0.124332, 0.533855;
0.128815, 0.528944;
0.133119, 0.524203;
0.137224, 0.519649;
0.141115, 0.515300;
0.144775, 0.511173;
0.148188, 0.507285;
0.151341, 0.503651;
0.154219, 0.500285;
0.156812, 0.497200;
0.159106, 0.494409;
0.161094, 0.491921;
0.162765, 0.489746;
0.164114, 0.487894;
0.165133, 0.486370;
0.165818, 0.485180;
0.166167, 0.484329;
0.166176, 0.483820;
0.165847, 0.483652;
0.165179, 0.483828;
0.164175, 0.484345;
0.162839, 0.485200;
0.161176, 0.486389;
0.159192, 0.487907;
0.156896, 0.489746;
0.154296, 0.491898;
0.151404, 0.494353;
0.148230, 0.497100;
0.144788, 0.500128;
0.141091, 0.503422;
0.137155, 0.506969;
0.132995, 0.510752;
0.128628, 0.514757;
0.124073, 0.518964;
0.119347, 0.523356;
0.114471, 0.527914;
0.109463, 0.532619;
0.104344, 0.537450;
0.099135, 0.542386;
0.093857, 0.547407;
0.088532, 0.552490;
0.083182, 0.557614;
0.077827, 0.562758;
0.072491, 0.567899;
0.067194, 0.573014;
0.061959, 0.578083;
0.056807, 0.583084;
0.051758, 0.587994;
0.046833, 0.592793;
0.042054, 0.597460;
0.037439, 0.601974;
0.033007, 0.606316;
0.028778, 0.610466;
0.024769, 0.614406;
0.020997, 0.618118;
0.017479, 0.621584;
0.014231, 0.624787;
0.011268, 0.627711;
0.008605, 0.630340;
0.006530, 0.632701;
0.004735, 0.634786;
0.003224, 0.636587;
0.002002, 0.638098;
0.001070, 0.639313;
0.000430, 0.640230;
0.000082, 0.640845;
0.000026, 0.641156;
0.000260, 0.641163;
0.000781, 0.640867;
0.001584, 0.640269;
0.002664, 0.639373;
0.004016, 0.638183;
0.005632, 0.636703;
0.007504, 0.634940;
0.009623, 0.632902;
0.011979, 0.630597;
0.012113, 0.628284;
0.013428, 0.625843;
0.015448, 0.623218;
0.017927, 0.620387;
0.020737, 0.617346;
0.023809, 0.614099;
0.027100, 0.610653;
0.030584, 0.607019;
0.034239, 0.603210;
0.038048, 0.599239;
0.041995, 0.595120;
0.046062, 0.590869;
0.050234, 0.586500;
0.054493, 0.582031;
0.058824, 0.577479;
0.063208, 0.572860;
0.067627, 0.568192;
0.072065, 0.563493;
0.076503, 0.558782;
0.080923, 0.554075;
0.085308, 0.549392;
0.089639, 0.544751;
0.093899, 0.540169;
0.098070, 0.535665;
0.102135, 0.531255;
0.106078, 0.526958;
0.109882, 0.522790;
0.113531, 0.518767;
0.117011, 0.514905;
0.120306, 0.511219;
0.123404, 0.507724;
0.126291, 0.504433;
0.128954, 0.501360;
0.131383, 0.498515;
0.133568, 0.495911;
0.135498, 0.493557;
0.137167, 0.491463;
0.138566, 0.489636;
0.139689, 0.488084;
0.140532, 0.486811;
0.141091, 0.485824;
0.141363, 0.485125;
0.141346, 0.484716;
0.141040, 0.484599;
0.140447, 0.484773;
0.139569, 0.485238;
0.138408, 0.485990;
0.136969, 0.487026;
0.135258, 0.488341;
0.133282, 0.489929;
0.131049, 0.491782;
0.128567, 0.493893;
0.125846, 0.496251;
0.122898, 0.498847;
0.119734, 0.501670;
0.116368, 0.504705;
0.112813, 0.507942;
0.109083, 0.511365;
0.105193, 0.514960;
0.101160, 0.518710;
0.096999, 0.522601;
0.092728, 0.526615;
0.088365, 0.530735;
0.083926, 0.534944;
0.079429, 0.539222;
0.074895, 0.543553;
0.070339, 0.547917;
0.065783, 0.552296;
0.061242, 0.556671;
0.056738, 0.561023;
0.052287, 0.565334;
0.047908, 0.569585;
0.043619, 0.573757;
0.039437, 0.577833;
0.035381, 0.581795;
0.031465, 0.585625;
0.027708, 0.589307;
0.024125, 0.592824;
0.020730, 0.596161;
0.017540, 0.599301;
0.014567, 0.602230;
0.011825, 0.604934;
0.009328, 0.607399;
0.007326, 0.609642;
0.005558, 0.611657;
0.004028, 0.613436;
0.002741, 0.614973;
0.001700, 0.616262;
0.000907, 0.617298;
0.000363, 0.618079;
0.000069, 0.618602;
0.000023, 0.618866;
0.000225, 0.618870;
0.000671, 0.618614;
0.001359, 0.618101;
0.002284, 0.617334;
0.003440, 0.616314;
0.004822, 0.615048;
0.006423, 0.613540;
0.008234, 0.611797;
0.010248, 0.609825;
0.010211, 0.607864;
0.011245, 0.605801;
0.012911, 0.603585;
0.014985, 0.601194;
0.017351, 0.598625;
0.019944, 0.595879;
0.022728, 0.592963;
0.025677, 0.589885;
0.028775, 0.586657;
0.032006, 0.583290;
0.035354, 0.579796;
0.038808, 0.576187;
0.042351, 0.572478;
0.045971, 0.568681;
0.049653, 0.564812;
0.053381, 0.560885;
0.057141, 0.556915;
0.060918, 0.552917;
0.064697, 0.548907;
0.068461, 0.544900;
0.072197, 0.540911;
0.075889, 0.536957;
0.079521, 0.533052;
0.083079, 0.529211;
0.086548, 0.525450;
0.089913, 0.521783;
0.093162, 0.518225;
0.096281, 0.514790;
0.099256, 0.511490;
0.102076, 0.508339;
0.104727, 0.505350;
0.107201, 0.502533;
0.109485, 0.499900;
0.111571, 0.497461;
0.113449, 0.495226;
0.115112, 0.493203;
0.116553, 0.491401;
0.117764, 0.489825;
0.118742, 0.488482;
0.119482, 0.487377;
0.119979, 0.486514;
0.120233, 0.485896;
0.120242, 0.485525;
0.120005, 0.485403;
0.119523, 0.485528;
0.118798, 0.485900;
0.117833, 0.486517;
0.116631, 0.487376;
0.115197, 0.488472;
0.113537, 0.489801;
0.111657, 0.491357;
0.109565, 0.493133;
0.107270, 0.495120;
0.104779, 0.497310;
0.102105, 0.499693;
0.099256, 0.502260;
0.096246, 0.504998;
0.093086, 0.507896;
0.089789, 0.510941;
0.086368, 0.514121;
0.082837, 0.517421;
0.079211, 0.520828;
0.075505, 0.524326;
0.071733, 0.527901;
0.067910, 0.531538;
0.064054, 0.535220;
0.060178, 0.538933;
0.056299, 0.542659;
0.052433, 0.546384;
0.048596, 0.550090;
0.044803, 0.553763;
0.041070, 0.557387;
0.037412, 0.560945;
0.033844, 0.564422;
0.030381, 0.567804;
0.027037, 0.571075;
0.023827, 0.574221;
0.020763, 0.577227;
0.017859, 0.580081;
0.015128, 0.582769;
0.012582, 0.585278;
0.010231, 0.587596;
0.008089, 0.589710;
0.006368, 0.591638;
0.004845, 0.593371;
0.003526, 0.594903;
0.002413, 0.596229;
0.001510, 0.597345;
0.000817, 0.598245;
0.000337, 0.598928;
0.000070, 0.599392;
0.000015, 0.599634;
0.000171, 0.599654;
0.000535, 0.599454;
0.001106, 0.599034;
0.001878, 0.598397;
0.002849, 0.597544;
0.004012, 0.596481;
0.005362, 0.595212;
0.006892, 0.593742;
0.008596, 0.592076;
0.010464, 0.590223;
0.010560, 0.588369;
0.011594, 0.586427;
0.013175, 0.584358;
0.015104, 0.582145;
0.017276, 0.579788;
0.019634, 0.577289;
0.022146, 0.574654;
0.024789, 0.571893;
0.027547, 0.569014;
0.030406, 0.566028;
0.033353, 0.562946;
0.036377, 0.559780;
0.039464, 0.556541;
0.042602, 0.553242;
0.045779, 0.549895;
0.048982, 0.546513;
0.052197, 0.543109;
0.055412, 0.539696;
0.058614, 0.536287;
0.061789, 0.532895;
0.064925, 0.529535;
0.068009, 0.526218;
0.071028, 0.522957;
0.073970, 0.519766;
0.076822, 0.516657;
0.079574, 0.513641;
0.082213, 0.510732;
0.084729, 0.507939;
0.087111, 0.505275;
0.089349, 0.502749;
0.091434, 0.500372;
0.093356, 0.498152;
0.095109, 0.496098;
0.096685, 0.494219;
0.098076, 0.492521;
0.099278, 0.491011;
0.100284, 0.489696;
0.101090, 0.488578;
0.101694, 0.487664;
0.102091, 0.486956;
0.102281, 0.486457;
0.102262, 0.486168;
0.102035, 0.486090;
0.101599, 0.486223;
0.100956, 0.486566;
0.100109, 0.487117;
0.099062, 0.487873;
0.097817, 0.488831;
0.096381, 0.489987;
0.094759, 0.491334;
0.092957, 0.492868;
0.090982, 0.494580;
0.088843, 0.496465;
0.086549, 0.498513;
0.084108, 0.500715;
0.081530, 0.503063;
0.078826, 0.505545;
0.076006, 0.508152;
0.073083, 0.510871;
0.070068, 0.513691;
0.066973, 0.516600;
0.063812, 0.519586;
0.060596, 0.522636;
0.057339, 0.525736;
0.054054, 0.528874;
0.050755, 0.532035;
0.047455, 0.535207;
0.044167, 0.538376;
0.040906, 0.541528;
0.037684, 0.544649;
0.034514, 0.547726;
0.031410, 0.550746;
0.028384, 0.553696;
0.025450, 0.556563;
0.022618, 0.559333;
0.019902, 0.561996;
0.017312, 0.564538;
0.014860, 0.566949;
0.012556, 0.569216;
0.010411, 0.571330;
0.008434, 0.573280;
0.006811, 0.575076;
0.005353, 0.576712;
0.004064, 0.578181;
0.002949, 0.579480;
0.002010, 0.580601;
0.001249, 0.581543;
0.000669, 0.582301;
0.000270, 0.582874;
0.000052, 0.583258;
0.000015, 0.583454;
0.000159, 0.583461;
0.000480, 0.583279;
0.000976, 0.582910;
0.001646, 0.582355;
0.002483, 0.581617;
0.003485, 0.580699;
0.004646, 0.579606;
0.005960, 0.578341;
0.007422, 0.576910;
0.009024, 0.575319;
0.010760, 0.573574;
0.010876, 0.571830;
0.011849, 0.570016;
0.013313, 0.568098;
0.015081, 0.566066;
0.017056, 0.563918;
0.019184, 0.561658;
0.021435, 0.559292;
0.023789, 0.556827;
0.026231, 0.554273;
0.028749, 0.551639;
0.031330, 0.548934;
0.033964, 0.546170;
0.036640, 0.543355;
0.039348, 0.540501;
0.042076, 0.537620;
0.044813, 0.534721;
0.047548, 0.531817;
0.050269, 0.528918;
0.052967, 0.526035;
0.055629, 0.523181;
0.058246, 0.520365;
0.060805, 0.517600;
0.063297, 0.514895;
0.065711, 0.512261;
0.068038, 0.509709;
0.070267, 0.507249;
0.072390, 0.504890;
0.074398, 0.502642;
0.076282, 0.500512;
0.078034, 0.498511;
0.079647, 0.496644;
0.081115, 0.494921;
0.082430, 0.493346;
0.083589, 0.491927;
0.084584, 0.490669;
0.085413, 0.489576;
0.086072, 0.488653;
0.086557, 0.487904;
0.086867, 0.487330;
0.087000, 0.486933;
0.086956, 0.486716;
0.086734, 0.486679;
0.086335, 0.486820;
0.085760, 0.487141;
0.085012, 0.487637;
0.084094, 0.488308;
0.083009, 0.489150;
0.081762, 0.490160;
0.080357, 0.491331;
0.078800, 0.492661;
0.077098, 0.494141;
0.075257, 0.495767;
0.073285, 0.497531;
0.071189, 0.499425;
0.068978, 0.501441;
0.066661, 0.503570;
0.064248, 0.505803;
0.061748, 0.508131;
0.059172, 0.510543;
0.056529, 0.513030;
0.053831, 0.515580;
0.051089, 0.518182;
0.048313, 0.520825;
0.045516, 0.523499;
0.042708, 0.526191;
0.039901, 0.528890;
0.037107, 0.531585;
0.034336, 0.534263;
0.031601, 0.536914;
0.028912, 0.539525;
0.026281, 0.542086;
0.023719, 0.544585;
0.021235, 0.547012;
0.018841, 0.549355;
0.016547, 0.551604;
0.014362, 0.553750;
0.012296, 0.555782;
0.010357, 0.557690;
0.008555, 0.559466;
0.007048, 0.561117;
0.005678, 0.562636;
0.004449, 0.564017;
0.003365, 0.565257;
0.002429, 0.566350;
0.001643, 0.567292;
0.001009, 0.568080;
0.000530, 0.568711;
0.000205, 0.569184;
0.000034, 0.569496;
0.000018, 0.569647;
0.000156, 0.569637;
0.000444, 0.569466;
0.000883, 0.569135;
0.001468, 0.568646;
0.002196, 0.568001;
0.003065, 0.567202;
0.004068, 0.566254;
0.005202, 0.565161;
0.006461, 0.563926;
0.007839, 0.562555;
0.009331, 0.561054;
0.010929, 0.559428;
0.011067, 0.557804;
0.011977, 0.556124;
0.013323, 0.554362;
0.014932, 0.552510;
0.016715, 0.550566;
0.018624, 0.548535;
0.020630, 0.546422;
0.022714, 0.544235;
0.024864, 0.541981;
0.027069, 0.539670;
0.029317, 0.537308;
0.031600, 0.534906;
0.033907, 0.532473;
0.036230, 0.530018;
0.038559, 0.527550;
0.040885, 0.525079;
0.043197, 0.522615;
0.045487, 0.520167;
0.047745, 0.517744;
0.049962, 0.515356;
0.052129, 0.513013;
0.054237, 0.510724;
0.056276, 0.508496;
0.058240, 0.506340;
0.060119, 0.504264;
0.061906, 0.502276;
0.063594, 0.500382;
0.065174, 0.498592;
0.066642, 0.496912;
0.067990, 0.495348;
0.069213, 0.493907;
0.070306, 0.492594;
0.071264, 0.491414;
0.072083, 0.490371;
0.072759, 0.489470;
0.073290, 0.488714;
0.073674, 0.488106;
0.073907, 0.487648;
0.073990, 0.487342;
0.073922, 0.487187;
0.073703, 0.487186;
0.073334, 0.487337;
0.072816, 0.487639;
0.072151, 0.488091;
0.071342, 0.488691;
0.070391, 0.489436;
0.069303, 0.490322;
0.068082, 0.491345;
0.066733, 0.492502;
0.065261, 0.493787;
0.063673, 0.495193;
0.061974, 0.496716;
0.060171, 0.498348;
0.058272, 0.500082;
0.056285, 0.501912;
0.054217, 0.503828;
0.052077, 0.505823;
0.049873, 0.507888;
0.047615, 0.510015;
0.045312, 0.512193;
0.042973, 0.514415;
0.040607, 0.516669;
0.038225, 0.518948;
0.035836, 0.521240;
0.033450, 0.523536;
0.031076, 0.525827;
0.028724, 0.528101;
0.026404, 0.530350;
0.024126, 0.532564;
0.021899, 0.534733;
0.019732, 0.536847;
0.017634, 0.538898;
0.015614, 0.540876;
0.013680, 0.542772;
0.011841, 0.544579;
0.010105, 0.546286;
0.008479, 0.547887;
0.007098, 0.549386;
0.005831, 0.550778;
0.004680, 0.552057;
0.003650, 0.553218;
0.002744, 0.554257;
0.001965, 0.555170;
0.001314, 0.555954;
0.000793, 0.556607;
0.000403, 0.557126;
0.000145, 0.557509;
0.000019, 0.557755;
0.000025, 0.557864;
0.000160, 0.557835;
0.000425, 0.557669;
0.000818, 0.557367;
0.001335, 0.556930;
0.001973, 0.556360;
0.002731, 0.555660;
0.003603, 0.554833;
0.004586, 0.553883;
0.005674, 0.552812;
0.006864, 0.551626;
0.008149, 0.550330;
0.009525, 0.548928;
0.010984, 0.547427;
0.011143, 0.545929;
0.011989, 0.544387;
0.013218, 0.542780;
0.014673, 0.541103;
0.016273, 0.539356;
0.017974, 0.537542;
0.019751, 0.535667;
0.021586, 0.533737;
0.023468, 0.531760;
0.025387, 0.529742;
0.027334, 0.527692;
0.029300, 0.525617;
0.031278, 0.523525;
0.033259, 0.521425;
0.035235, 0.519324;
0.037199, 0.517230;
0.039141, 0.515152;
0.041054, 0.513098;
0.042930, 0.511075;
0.044761, 0.509093;
0.046541, 0.507158;
0.048261, 0.505277;
0.049914, 0.503459;
0.051494, 0.501711;
0.052994, 0.500039;
0.054408, 0.498450;
0.055729, 0.496949;
0.056953, 0.495544;
0.058074, 0.494239;
0.059088, 0.493039;
0.059990, 0.491950;
0.060776, 0.490974;
0.061443, 0.490117;
0.061988, 0.489380;
0.062410, 0.488768;
0.062705, 0.488282;
0.062872, 0.487923;
0.062912, 0.487694;
0.062823, 0.487594;
0.062605, 0.487625;
0.062260, 0.487784;
0.061789, 0.488073;
0.061194, 0.488488;
0.060476, 0.489028;
0.059639, 0.489691;
0.058686, 0.490473;
0.057621, 0.491372;
0.056448, 0.492382;
0.055171, 0.493500;
0.053797, 0.494721;
0.052330, 0.496039;
0.050777, 0.497449;
0.049143, 0.498944;
0.047435, 0.500518;
0.045661, 0.502165;
0.043827, 0.503877;
0.041941, 0.505647;
0.040011, 0.507467;
0.038044, 0.509329;
0.036048, 0.511226;
0.034032, 0.513149;
0.032004, 0.515091;
0.029972, 0.517042;
0.027944, 0.518995;
0.025929, 0.520940;
0.023934, 0.522870;
0.021969, 0.524777;
0.020041, 0.526651;
0.018159, 0.528485;
0.016329, 0.530271;
0.014560, 0.532001;
0.012859, 0.533667;
0.011234, 0.535262;
0.009691, 0.536778;
0.008343, 0.538217;
0.007083, 0.539574;
0.005917, 0.540843;
0.004848, 0.542019;
0.003878, 0.543099;
0.003013, 0.544077;
0.002253, 0.544951;
0.001601, 0.545717;
0.001059, 0.546373;
0.000628, 0.546916;
0.000310, 0.547344;
0.000104, 0.547656;
0.000011, 0.547851;
0.000029, 0.547929;
0.000160, 0.547889;
0.000400, 0.547732;
0.000748, 0.547458;
0.001203, 0.547070;
0.001762, 0.546569;
0.002421, 0.545957;
0.003178, 0.545237;
0.004029, 0.544411;
0.004970, 0.543483;
0.005997, 0.542458;
0.007105, 0.541339;
0.008289, 0.540130;
0.009544, 0.538837;
0.010864, 0.537465;
0.010973, 0.536100;
0.011718, 0.534705;
0.012809, 0.533260;
0.014100, 0.531761;
0.015515, 0.530209;
0.017013, 0.528606;
0.018569, 0.526959;
0.020170, 0.525272;
0.021803, 0.523551;
0.023461, 0.521804;
0.025134, 0.520037;
0.026817, 0.518257;
0.028502, 0.516470;
0.030181, 0.514684;
0.031849, 0.512905;
0.033497, 0.511140;
0.035120, 0.509397;
0.036711, 0.507681;
0.038263, 0.506000;
0.039770, 0.504361;
0.041225, 0.502769;
0.042622, 0.501231;
0.043957, 0.499753;
0.045222, 0.498341;
0.046414, 0.497000;
0.047526, 0.495735;
0.048555, 0.494552;
0.049495, 0.493454;
0.050344, 0.492447;
0.051097, 0.491534;
0.051752, 0.490719;
0.052305, 0.490004;
0.052754, 0.489392;
0.053097, 0.488887;
0.053333, 0.488488;
0.053460, 0.488199;
0.053478, 0.488019;
0.053387, 0.487950;
0.053187, 0.487991;
0.052879, 0.488142;
0.052464, 0.488402;
0.051943, 0.488770;
0.051318, 0.489244;
0.050593, 0.489822;
0.049769, 0.490501;
0.048850, 0.491278;
0.047841, 0.492150;
0.046744, 0.493113;
0.045564, 0.494163;
0.044306, 0.495294;
0.042976, 0.496503;
0.041578, 0.497784;
0.040118, 0.499132;
0.038602, 0.500540;
0.037036, 0.502003;
0.035427, 0.503514;
0.033781, 0.505066;
0.032105, 0.506655;
0.030405, 0.508271;
0.028689, 0.509909;
0.026964, 0.511561;
0.025236, 0.513221;
0.023512, 0.514881;
0.021801, 0.516534;
0.020108, 0.518173;
0.018441, 0.519790;
0.016807, 0.521380;
0.015212, 0.522934;
0.013663, 0.524446;
0.012167, 0.525910;
0.010729, 0.527318;
0.009357, 0.528665;
0.008143, 0.529951;
0.007002, 0.531171;
0.005937, 0.532320;
0.004951, 0.533394;
0.004048, 0.534389;
0.003231, 0.535301;
0.002501, 0.536126;
0.001863, 0.536862;
0.001316, 0.537506;
0.000863, 0.538055;
0.000506, 0.538509;
0.000243, 0.538864;
0.000077, 0.539121;
0.000006, 0.539277;
0.000031, 0.539334;
0.000151, 0.539290;
0.000365, 0.539146;
0.000671, 0.538904;
0.001067, 0.538564;
0.001551, 0.538128;
0.002121, 0.537597;
0.002774, 0.536974;
0.003506, 0.536262;
0.004315, 0.535463;
0.005197, 0.534581;
0.006147, 0.533620;
0.007162, 0.532583;
0.008237, 0.531474;
0.009367, 0.530298;
0.010548, 0.529060;
0.010668, 0.527831;
0.011343, 0.526577;
0.012318, 0.525287;
0.013464, 0.523956;
0.014711, 0.522585;
0.016023, 0.521177;
0.017381, 0.519737;
0.018769, 0.518270;
0.020179, 0.516782;
0.021602, 0.515277;
0.023033, 0.513762;
0.024465, 0.512242;
0.025892, 0.510724;
0.027307, 0.509213;
0.028706, 0.507716;
0.030081, 0.506237;
0.031428, 0.504783;
0.032742, 0.503360;
0.034015, 0.501972;
0.035245, 0.500627;
0.036424, 0.499328;
0.037549, 0.498080;
0.038614, 0.496890;
0.039616, 0.495760;
0.040550, 0.494697;
0.041412, 0.493703;
0.042198, 0.492783;
0.042906, 0.491941;
0.043532, 0.491178;
0.044074, 0.490500;
0.044529, 0.489907;
0.044896, 0.489402;
0.045172, 0.488988;
0.045356, 0.488665;
0.045449, 0.488435;
0.045449, 0.488298;
0.045355, 0.488255;
0.045170, 0.488306;
0.044892, 0.488451;
0.044523, 0.488687;
0.044065, 0.489016;
0.043520, 0.489434;
0.042889, 0.489940;
0.042174, 0.490531;
0.041380, 0.491206;
0.040509, 0.491961;
0.039564, 0.492792;
0.038550, 0.493696;
0.037470, 0.494670;
0.036329, 0.495708;
0.035131, 0.496807;
0.033881, 0.497962;
0.032585, 0.499167;
0.031247, 0.500418;
0.029874, 0.501709;
0.028470, 0.503034;
0.027041, 0.504389;
0.025593, 0.505767;
0.024133, 0.507162;
0.022665, 0.508568;
0.021196, 0.509979;
0.019733, 0.511390;
0.018280, 0.512793;
0.016844, 0.514184;
0.015432, 0.515556;
0.014048, 0.516902;
0.012698, 0.518218;
0.011389, 0.519497;
0.010125, 0.520733;
0.008912, 0.521922;
0.007828, 0.523063;
0.006803, 0.524151;
0.005839, 0.525182;
0.004941, 0.526153;
0.004111, 0.527059;
0.003351, 0.527897;
0.002665, 0.528664;
0.002054, 0.529357;
0.001520, 0.529973;
0.001065, 0.530511;
0.000690, 0.530969;
0.000396, 0.531344;
0.000184, 0.531635;
0.000053, 0.531842;
0.000004, 0.531964;
0.000036, 0.532001;
0.000148, 0.531952;
0.000341, 0.531819;
0.000611, 0.531601;
0.000959, 0.531300;
0.001381, 0.530917;
0.001876, 0.530455;
0.002442, 0.529914;
0.003074, 0.529297;
0.003772, 0.528607;
0.004531, 0.527847;
0.005348, 0.527019;
0.006219, 0.526127;
0.007142, 0.525175;
0.008110, 0.524166;
0.009122, 0.523104;
0.010171, 0.521994;
0.010298, 0.520893;
0.010908, 0.519775;
0.011775, 0.518630;
0.012785, 0.517454;
0.013878, 0.516250;
0.015022, 0.515020;
0.016199, 0.513769;
0.017396, 0.512500;
0.018607, 0.511219;
0.019823, 0.509929;
0.021039, 0.508638;
0.022250, 0.507348;
0.023450, 0.506066;
0.024635, 0.504795;
0.025800, 0.503543;
0.026940, 0.502312;
0.028050, 0.501108;
0.029125, 0.499936;
0.030161, 0.498799;
0.031155, 0.497704;
0.032101, 0.496653;
0.032995, 0.495652;
0.033835, 0.494703;
0.034617, 0.493811;
0.035336, 0.492979;
0.035991, 0.492211;
0.036579, 0.491509;
0.037096, 0.490875;
0.037542, 0.490313;
0.037913, 0.489825;
0.038209, 0.489412;
0.038428, 0.489075;
0.038568, 0.488817;
0.038631, 0.488638;
0.038614, 0.488538;
0.038519, 0.488518;
0.038345, 0.488578;
0.038093, 0.488717;
0.037764, 0.488934;
0.037359, 0.489229;
0.036880, 0.489600;
0.036329, 0.490045;
0.035708, 0.490563;
0.035019, 0.491150;
0.034265, 0.491805;
0.033450, 0.492525;
0.032576, 0.493306;
0.031647, 0.494145;
0.030667, 0.495039;
0.029639, 0.495983;
0.028569, 0.496973;
0.027460, 0.498006;
0.026316, 0.499076;
0.025143, 0.500180;
0.023945, 0.501312;
0.022727, 0.502468;
0.021493, 0.503643;
0.020250, 0.504831;
0.019002, 0.506027;
0.017754, 0.507227;
0.016512, 0.508425;
0.015280, 0.509616;
0.014063, 0.510795;
0.012867, 0.511957;
0.011696, 0.513097;
0.010556, 0.514209;
0.009450, 0.515289;
0.008443, 0.516336;
0.007478, 0.517344;
0.006561, 0.518312;
0.005693, 0.519234;
0.004879, 0.520107;
0.004120, 0.520927;
0.003419, 0.521693;
0.002780, 0.522400;
0.002202, 0.523046;
0.001690, 0.523629;
