0.016709, 2.049349;
0.003079, 2.056230;
0.000386, 2.060501;
0.000284, 2.062147;
0.002776, 2.061165;
0.007859, 2.057554;
0.015522, 2.051324;
0.015373, 2.045078;
0.015256, 2.038829;
0.015160, 2.032585;
0.015079, 2.026354;
0.015008, 2.020137;
0.014943, 2.013937;
0.014883, 2.007757;
0.014826, 2.001595;
0.014772, 1.995454;
0.014719, 1.989333;
0.014667, 1.983233;
0.014616, 1.977153;
0.014566, 1.971094;
0.014516, 1.965055;
0.014467, 1.959037;
0.014417, 1.953040;
0.014368, 1.947063;
0.014319, 1.941107;
0.014271, 1.935171;
0.014222, 1.929256;
0.014173, 1.923361;
0.015395, 1.917121;
0.020415, 1.909579;
0.028460, 1.900253;
0.039120, 1.888931;
0.052171, 1.875523;
0.067487, 1.860002;
0.084987, 1.842370;
0.104612, 1.822648;
0.126309, 1.800870;
0.150021, 1.777083;
0.175693, 1.751339;
0.203257, 1.723703;
0.232644, 1.694244;
0.263774, 1.663041;
0.296563, 1.630180;
0.330919, 1.595752;
0.366741, 1.559858;
0.403924, 1.522604;
0.442356, 1.484104;
0.481918, 1.444476;
0.522486, 1.403847;
0.563927, 1.362346;
0.606107, 1.320112;
0.648884, 1.277286;
0.692111, 1.234015;
0.735639, 1.190450;
0.779313, 1.146745;
0.822975, 1.103059;
0.866465, 1.059552;
0.909620, 1.016389;
0.952275, 0.973733;
0.994266, 0.931749;
1.035427, 0.890604;
1.075594, 0.850462;
1.114602, 0.811487;
1.152292, 0.773839;
1.188504, 0.737677;
1.223085, 0.703153;
1.255886, 0.670418;
1.286763, 0.639615;
1.315578, 0.610879;
1.342203, 0.584341;
1.366515, 0.560121;
1.388403, 0.538332;
1.407763, 0.519075;
1.424502, 0.502443;
1.438541, 0.488515;
1.449808, 0.477361;
1.458247, 0.469037;
1.463812, 0.463588;
1.466473, 0.461045;
1.466209, 0.461426;
1.463016, 0.464736;
1.456902, 0.470964;
1.447889, 0.480091;
1.436011, 0.492079;
1.421317, 0.506880;
1.403867, 0.524433;
1.383736, 0.544663;
1.361009, 0.567485;
1.335783, 0.592801;
1.308166, 0.620503;
1.278277, 0.650473;
1.246242, 0.682583;
1.212198, 0.716696;
1.176291, 0.752667;
1.138670, 0.790346;
1.099494, 0.829574;
1.058926, 0.870189;
1.017133, 0.912024;
0.974286, 0.954908;
0.930559, 0.998666;
0.886127, 1.043125;
0.841167, 1.088108;
0.795854, 1.133438;
0.750366, 1.178939;
0.704876, 1.224438;
0.659558, 1.269761;
0.614581, 1.314739;
0.570113, 1.359204;
0.526316, 1.402995;
0.483349, 1.445952;
0.441367, 1.487921;
0.400519, 1.528752;
0.360950, 1.568302;
0.322796, 1.606433;
0.286192, 1.643011;
0.251264, 1.677909;
0.218133, 1.711007;
0.186915, 1.742188;
0.157719, 1.771344;
0.130649, 1.798369;
0.105806, 1.823163;
0.083284, 1.845632;
0.063176, 1.865681;
0.045575, 1.883218;
0.030577, 1.898145;
0.018290, 1.910352;
0.008854, 1.919695;
0.003535, 1.926622;
0.000619, 1.931113;
0.000115, 1.933155;
0.002030, 1.932740;
0.006360, 1.929869;
0.013096, 1.924548;
0.013805, 1.918934;
0.018149, 1.912087;
0.025442, 1.903503;
0.035313, 1.892949;
0.047561, 1.880322;
0.062070, 1.865584;
0.078770, 1.848729;
0.097607, 1.829774;
0.118531, 1.808748;
0.141493, 1.785692;
0.166437, 1.760657;
0.193301, 1.733702;
0.222019, 1.704895;
0.252514, 1.674312;
0.284703, 1.642034;
0.318496, 1.608153;
0.353797, 1.572766;
0.390503, 1.535976;
0.428502, 1.497896;
0.467677, 1.458643;
0.507907, 1.418339;
0.549062, 1.377116;
0.591007, 1.335107;
0.633603, 1.292454;
0.676704, 1.249301;
0.720161, 1.205800;
0.763821, 1.162103;
0.807528, 1.118368;
0.851119, 1.074756;
0.894435, 1.031429;
0.937309, 0.988552;
0.979577, 0.946291;
1.021072, 0.904811;
1.061631, 0.864278;
1.101087, 0.824856;
1.139279, 0.786708;
1.176048, 0.749992;
1.211237, 0.714864;
1.244695, 0.681476;
1.276277, 0.649973;
1.305842, 0.620494;
1.333257, 0.593170;
1.358399, 0.568128;
1.381151, 0.545480;
1.401407, 0.525334;
1.419071, 0.507784;
1.434057, 0.492915;
1.446292, 0.480801;
1.455714, 0.471501;
1.462273, 0.465065;
1.465934, 0.461528;
1.466674, 0.460912;
1.464481, 0.463227;
1.459361, 0.468468;
1.451330, 0.476617;
1.440419, 0.487644;
1.426672, 0.501503;
1.410145, 0.518138;
1.390908, 0.537478;
1.369044, 0.559442;
1.344645, 0.583935;
1.317815, 0.610853;
1.288671, 0.640080;
1.257336, 0.671492;
1.223945, 0.704954;
1.188639, 0.740325;
1.151568, 0.777456;
1.112888, 0.816190;
1.072759, 0.856367;
1.031349, 0.897820;
0.988827, 0.940379;
0.945366, 0.983873;
0.901141, 1.028125;
0.856329, 1.072959;
0.811105, 1.118200;
0.765647, 1.163672;
0.720130, 1.209198;
0.674727, 1.254606;
0.629609, 1.299725;
0.584944, 1.344387;
0.540898, 1.388427;
0.497629, 1.431686;
0.455295, 1.474007;
0.414046, 1.515240;
0.374028, 1.555239;
0.335381, 1.593863;
0.298240, 1.630977;
0.262735, 1.666454;
0.228987, 1.700169;
0.197114, 1.732006;
0.167229, 1.761852;
0.139436, 1.789601;
0.113836, 1.815153;
0.090528, 1.838410;
0.069603, 1.859278;
0.051154, 1.877664;
0.035277, 1.893473;
0.022072, 1.906600;
0.011667, 1.916917;
0.004250, 1.924227;
0.000935, 1.929106;
0.000030, 1.931541;
0.001542, 1.931524;
0.005469, 1.929053;
0.011802, 1.924134;
0.013178, 1.918709;
0.017879, 1.911935;
0.025367, 1.903372;
0.035348, 1.892816;
0.047661, 1.880178;
0.062213, 1.865425;
0.078942, 1.848555;
0.097801, 1.829585;
0.118744, 1.808545;
0.141721, 1.785475;
0.166679, 1.760428;
0.193556, 1.733461;
0.222284, 1.704644;
0.252789, 1.674050;
0.284986, 1.641764;
0.318787, 1.607876;
0.354095, 1.572482;
0.390806, 1.535687;
0.428809, 1.497603;
0.467988, 1.458346;
0.508220, 1.418040;
0.549376, 1.376814;
0.591321, 1.334805;
0.633916, 1.292152;
0.677015, 1.249001;
0.720470, 1.205502;
0.764126, 1.161808;
0.807827, 1.118078;
0.851413, 1.074471;
0.894722, 1.031150;
0.937588, 0.988280;
0.979848, 0.946026;
1.021334, 0.904555;
1.061882, 0.864031;
1.101328, 0.824620;
1.139508, 0.786482;
1.176264, 0.749778;
1.211440, 0.714663;
1.244885, 0.681288;
1.276452, 0.649799;
1.306002, 0.620334;
1.333402, 0.593025;
1.358528, 0.567998;
1.381264, 0.545366;
1.401503, 0.525236;
1.419150, 0.507703;
1.434119, 0.492851;
1.446337, 0.480754;
1.455741, 0.471471;
1.462283, 0.465052;
1.465927, 0.461533;
1.466648, 0.460934;
1.464439, 0.463266;
1.459301, 0.468525;
1.451254, 0.476691;
1.440326, 0.487734;
1.426563, 0.501609;
1.410021, 0.518260;
1.390769, 0.537615;
1.368890, 0.559593;
1.344477, 0.584100;
1.317634, 0.611031;
1.288478, 0.640271;
1.257131, 0.671695;
1.223729, 0.705168;
1.188413, 0.740550;
1.151333, 0.777690;
1.112645, 0.816433;
1.072509, 0.856617;
1.031093, 0.898076;
0.988565, 0.940641;
0.945100, 0.984138;
0.900872, 1.028394;
0.856057, 1.073231;
0.810832, 1.118473;
0.765374, 1.163945;
0.719857, 1.209471;
0.674456, 1.254877;
0.629340, 1.299993;
0.584679, 1.344652;
0.540637, 1.388688;
0.497374, 1.431941;
0.455046, 1.474256;
0.413804, 1.515482;
0.373794, 1.555472;
0.335156, 1.594088;
0.298025, 1.631193;
0.262529, 1.666659;
0.228792, 1.700364;
0.196931, 1.732189;
0.167058, 1.762023;
0.139277, 1.789759;
0.113691, 1.815298;
0.090397, 1.838541;
0.069486, 1.859394;
0.051053, 1.877765;
0.035190, 1.893558;
0.022002, 1.906670;
0.011614, 1.916970;
0.004215, 1.924261;
0.000919, 1.929121;
0.000033, 1.931537;
0.001563, 1.931501;
0.005508, 1.929011;
0.011860, 1.924074;
0.013262, 1.918623;
0.017993, 1.911820;
0.025512, 1.903226;
0.035526, 1.892638;
0.047871, 1.879967;
0.062455, 1.865182;
0.079217, 1.848280;
0.098107, 1.829278;
0.119081, 1.808206;
0.142089, 1.785107;
0.167076, 1.760029;
0.193982, 1.733034;
0.222738, 1.704189;
0.253268, 1.673570;
0.285491, 1.641258;
0.319316, 1.607346;
0.354645, 1.571930;
0.391377, 1.535115;
0.429399, 1.497012;
0.468595, 1.457738;
0.508841, 1.417417;
0.550010, 1.376179;
0.591966, 1.334159;
0.634570, 1.291497;
0.677676, 1.248340;
0.721134, 1.204836;
0.764793, 1.161141;
0.808493, 1.117411;
0.852076, 1.073807;
0.895379, 1.030492;
0.938238, 0.987630;
0.980487, 0.945387;
1.021960, 0.903929;
1.062492, 0.863421;
1.101920, 0.824028;
1.140080, 0.785911;
1.176813, 0.749230;
1.211964, 0.714140;
1.245381, 0.680793;
1.276918, 0.649333;
1.306436, 0.619900;
1.333803, 0.592626;
1.358893, 0.567634;
1.381591, 0.545040;
1.401792, 0.524949;
1.419398, 0.507456;
1.434326, 0.492646;
1.446501, 0.480591;
1.455862, 0.471352;
1.462360, 0.464977;
1.465959, 0.461502;
1.466636, 0.460948;
1.464382, 0.463325;
1.459200, 0.468628;
1.451108, 0.476838;
1.440137, 0.487925;
1.426330, 0.501844;
1.409746, 0.518536;
1.390454, 0.537932;
1.368535, 0.559950;
1.344084, 0.584494;
1.317205, 0.611462;
1.288014, 0.640736;
1.256635, 0.672192;
1.223203, 0.705696;
1.187859, 0.741105;
1.150753, 0.778271;
1.112041, 0.817037;
1.071885, 0.857242;
1.030450, 0.898719;
0.987907, 0.941300;
0.944429, 0.984810;
0.900190, 1.029076;
0.855368, 1.073921;
0.810138, 1.119168;
0.764677, 1.164642;
0.719161, 1.210167;
0.673763, 1.255570;
0.628653, 1.300681;
0.584000, 1.345331;
0.539969, 1.389356;
0.496719, 1.432596;
0.454407, 1.474895;
0.413182, 1.516103;
0.373192, 1.556074;
0.334576, 1.594667;
0.297469, 1.631749;
0.261999, 1.667189;
0.228290, 1.700865;
0.196459, 1.732661;
0.166617, 1.762463;
0.138869, 1.790167;
0.113317, 1.815671;
0.090058, 1.838878;
0.069185, 1.859694;
0.050790, 1.878026;
0.034968, 1.893780;
0.021822, 1.906849;
0.011477, 1.917105;
0.004127, 1.924347;
0.000878, 1.929159;
0.000040, 1.931526;
0.001617, 1.931441;
0.005610, 1.928903;
0.012009, 1.923917;
0.013480, 1.918401;
0.018289, 1.911522;
0.025889, 1.902848;
0.035986, 1.892177;
0.048415, 1.879423;
0.063082, 1.864554;
0.079926, 1.847569;
0.098898, 1.828485;
0.119952, 1.807334;
0.143038, 1.784155;
0.168101, 1.759002;
0.195080, 1.731933;
0.223907, 1.703017;
0.254506, 1.672330;
0.286792, 1.639954;
0.320678, 1.605981;
0.356064, 1.570509;
0.392848, 1.533641;
0.430918, 1.495489;
0.470157, 1.456172;
0.510443, 1.415813;
0.551645, 1.374541;
0.593629, 1.332493;
0.636255, 1.289810;
0.679377, 1.246636;
0.722847, 1.203122;
0.766510, 1.159422;
0.810209, 1.115694;
0.853784, 1.072098;
0.897072, 1.028798;
0.939910, 0.985957;
0.982132, 0.943742;
1.023571, 0.902318;
1.064063, 0.861851;
1.103444, 0.822504;
1.141551, 0.784441;
1.178225, 0.747820;
1.213311, 0.712796;
1.246656, 0.679520;
1.278117, 0.648137;
1.307553, 0.618787;
1.334832, 0.591600;
1.359831, 0.566700;
1.382433, 0.544202;
1.402533, 0.524212;
1.420036, 0.506823;
1.434857, 0.492120;
1.446922, 0.480174;
1.456171, 0.471047;
1.462556, 0.464786;
1.466040, 0.461426;
1.466602, 0.460987;
1.464232, 0.463480;
1.458935, 0.468897;
1.450729, 0.477222;
1.439646, 0.488421;
1.425729, 0.502450;
1.409036, 0.519250;
1.389639, 0.538751;
1.367619, 0.560870;
1.343070, 0.585512;
1.316098, 0.612573;
1.286818, 0.641935;
1.255356, 0.673475;
1.221845, 0.707056;
1.186429, 0.742538;
1.149257, 0.779770;
1.110485, 0.818596;
1.070275, 0.858854;
1.028793, 0.900378;
0.986210, 0.942998;
0.942698, 0.986542;
0.898433, 1.030834;
0.853591, 1.075698;
0.808349, 1.120957;
0.762883, 1.166437;
0.717368, 1.211960;
0.671978, 1.257355;
0.626883, 1.302451;
0.582252, 1.347079;
0.538248, 1.391076;
0.495032, 1.434282;
0.452760, 1.476542;
0.411581, 1.517704;
0.371643, 1.557623;
0.333084, 1.596159;
0.296039, 1.633178;
0.260636, 1.668551;
0.226999, 1.702155;
0.195244, 1.733874;
0.165482, 1.763596;
0.137819, 1.791215;
0.112356, 1.816630;
0.089190, 1.839745;
0.068412, 1.860465;
0.050117, 1.878697;
0.034398, 1.894347;
0.021360, 1.907308;
0.011129, 1.917449;
0.003903, 1.924566;
0.000776, 1.929252;
0.000061, 1.931493;
0.001763, 1.931282;
0.005878, 1.928618;
0.012399, 1.923507;
0.014047, 1.917824;
0.019053, 1.910753;
0.026860, 1.901873;
0.037167, 1.890992;
0.049809, 1.878026;
0.064687, 1.862946;
0.081741, 1.845751;
0.100920, 1.826460;
0.122176, 1.805104;
0.145460, 1.781727;
0.170716, 1.756381;
0.197882, 1.729125;
0.226887, 1.700030;
0.257657, 1.669171;
0.290106, 1.636633;
0.324145, 1.602506;
0.359675, 1.566890;
0.396591, 1.529890;
0.434782, 1.491617;
0.474131, 1.452191;
0.514513, 1.411735;
0.555799, 1.370380;
0.597853, 1.328262;
0.640535, 1.285523;
0.683698, 1.242308;
0.727194, 1.198769;
0.770867, 1.155059;
0.814561, 1.111337;
0.858115, 1.067763;
0.901366, 1.024501;
0.944150, 0.981716;
0.986301, 0.939572;
1.027654, 0.898236;
1.068042, 0.857873;
1.107303, 0.818647;
1.145275, 0.780720;
1.181798, 0.744251;
1.216716, 0.709395;
1.249881, 0.676301;
1.281145, 0.645115;
1.310372, 0.615975;
1.337429, 0.589011;
1.362194, 0.564346;
1.384551, 0.542094;
1.404396, 0.522359;
1.421635, 0.505234;
1.436184, 0.490804;
1.447971, 0.479137;
1.456936, 0.470294;
1.463032, 0.464322;
1.466226, 0.461252;
1.466495, 0.461106;
1.463832, 0.463892;
1.458244, 0.469601;
1.449749, 0.478214;
1.438379, 0.489698;
1.424182, 0.504007;
1.407216, 0.521081;
1.387553, 0.540847;
1.365276, 0.563223;
1.340480, 0.588112;
1.313271, 0.615408;
1.283767, 0.644994;
1.252094, 0.676744;
1.218386, 0.710522;
1.182788, 0.746186;
1.145448, 0.783584;
1.106525, 0.822561;
1.066180, 0.862953;
1.024580, 0.904595;
0.981896, 0.947316;
0.938302, 0.990942;
0.893971, 1.035299;
0.849081, 1.080211;
0.803808, 1.125500;
0.758329, 1.170992;
0.712819, 1.216510;
0.667451, 1.261883;
0.622395, 1.306939;
0.577819, 1.351512;
0.533887, 1.395437;
0.490758, 1.438556;
0.448588, 1.480712;
0.407528, 1.521756;
0.367721, 1.561543;
0.329307, 1.599933;
0.292421, 1.636793;
0.257189, 1.671995;
0.223735, 1.705416;
0.192175, 1.736940;
0.162618, 1.766456;
0.135171, 1.793859;
0.109933, 1.819048;
0.087001, 1.841927;
0.066468, 1.862403;
0.048427, 1.880381;
0.032971, 1.895766;
0.020207, 1.908452;
0.010267, 1.918302;
0.003358, 1.925098;
0.000546, 1.929462;
0.000146, 1.931380;
0.002162, 1.930846;
0.006592, 1.927860;
0.013426, 1.922429;
0.015516, 1.916327;
0.021011, 1.908779;
0.029328, 1.899396;
0.040154, 1.887998;
0.053315, 1.874512;
0.068713, 1.858912;
0.086280, 1.841202;
0.105965, 1.821404;
0.127717, 1.799551;
0.151485, 1.775689;
0.177211, 1.749871;
0.204830, 1.722161;
0.234272, 1.692628;
0.265458, 1.661352;
0.298303, 1.628418;
0.332713, 1.593919;
0.368590, 1.557956;
0.405827, 1.520635;
0.444311, 1.482070;
0.483923, 1.442380;
0.524537, 1.401693;
0.566022, 1.360139;
0.608242, 1.317857;
0.651054, 1.274988;
0.694312, 1.231680;
0.737865, 1.188085;
0.781558, 1.144358;
0.825232, 1.100657;
0.868727, 1.057144;
0.911879, 1.013983;
0.954523, 0.971339;
0.996494, 0.929377;
1.037626, 0.888264;
1.077755, 0.848164;
1.116715, 0.809241;
1.154347, 0.771656;
1.190492, 0.735568;
1.224995, 0.701129;
1.257708, 0.668489;
1.288487, 0.637791;
1.317195, 0.609171;
1.343702, 0.582759;
1.367888, 0.558674;
1.389640, 0.537029;
1.408855, 0.517925;
1.425443, 0.501453;
1.439322, 0.487693;
1.450423, 0.476713;
1.458690, 0.468569;
1.464078, 0.463305;
1.466556, 0.460951;
1.466108, 0.461523;
1.462727, 0.465026;
1.456424, 0.471449;
1.447222, 0.480770;
1.435155, 0.492951;
1.420273, 0.507943;
1.402639, 0.525684;
1.382327, 0.546099;
1.359423, 0.569100;
1.334025, 0.594589;
1.306243, 0.622458;
1.276195, 0.652587;
1.244010, 0.684847;
1.209825, 0.719101;
1.173785, 0.755204;
1.136042, 0.793005;
1.096755, 0.832344;
1.056087, 0.873058;
1.014205, 0.914980;
0.971282, 0.957939;
0.927490, 1.001761;
0.883005, 1.046271;
0.838005, 1.091292;
0.792665, 1.136647;
0.747162, 1.182162;
0.701671, 1.227660;
0.656363, 1.272971;
0.611409, 1.317925;
0.566976, 1.362354;
0.523226, 1.406096;
0.480319, 1.448992;
0.438407, 1.490890;
0.397641, 1.531639;
0.358163, 1.571096;
0.320111, 1.609123;
0.283619, 1.645588;
0.248813, 1.680364;
0.215813, 1.713330;
0.184734, 1.744371;
0.155685, 1.773379;
0.128771, 1.800248;
0.104090, 1.824879;
0.081738, 1.847177;
0.061808, 1.867049;
0.044391, 1.884400;
0.029586, 1.899134;
0.017501, 1.911138;
0.008279, 1.920264;
