0.001201, 1.925177;
0.004802, 1.922776;
0.010800, 1.917976;
0.019181, 1.910785;
0.029929, 1.901219;
0.043018, 1.889300;
0.058416, 1.875057;
0.076086, 1.858527;
0.095981, 1.839751;
0.118050, 1.818780;
0.142234, 1.795671;
0.168469, 1.770486;
0.196683, 1.743297;
0.226796, 1.714181;
0.258725, 1.683221;
0.292376, 1.650510;
0.327653, 1.616143;
0.364450, 1.580227;
0.402657, 1.542871;
0.442157, 1.504193;
0.482827, 1.464316;
0.524540, 1.423370;
0.567160, 1.381490;
0.610549, 1.338816;
0.654564, 1.295495;
0.699055, 1.251677;
0.743870, 1.207516;
0.788854, 1.163173;
0.833846, 1.118808;
0.878685, 1.074588;
0.923206, 1.030679;
0.967245, 0.987250;
1.010635, 0.944472;
1.053210, 0.902514;
1.094804, 0.861546;
1.135253, 0.821736;
1.174395, 0.783250;
1.212070, 0.746251;
1.248124, 0.710898;
1.282406, 0.677345;
1.314770, 0.645741;
1.345079, 0.616228;
1.373200, 0.588941;
1.399010, 0.564006;
1.422394, 0.541541;
1.443246, 0.521655;
1.461472, 0.504443;
1.476986, 0.489993;
1.489716, 0.478379;
1.499601, 0.469663;
1.506592, 0.463895;
1.510654, 0.461111;
1.511762, 0.461334;
1.509908, 0.464574;
1.505095, 0.470826;
1.497341, 0.480073;
1.486676, 0.492283;
1.473142, 0.507411;
1.456798, 0.525400;
1.437711, 0.546178;
1.415964, 0.569662;
1.391648, 0.595756;
1.364869, 0.624356;
1.335739, 0.655344;
1.304384, 0.688593;
1.270937, 0.723968;
1.235539, 0.761324;
1.198339, 0.800511;
1.159491, 0.841370;
1.119158, 0.883737;
1.077504, 0.927446;
1.034699, 0.972323;
0.990916, 1.018193;
0.946329, 1.064881;
0.901114, 1.112207;
0.855448, 1.159993;
0.809505, 1.208061;
0.763462, 1.256235;
0.717490, 1.304340;
0.671760, 1.352203;
0.626440, 1.399655;
0.581692, 1.446532;
0.537676, 1.492673;
0.494546, 1.537922;
0.452450, 1.582128;
0.411534, 1.625147;
0.371933, 1.666839;
0.333779, 1.707072;
0.297197, 1.745719;
0.262305, 1.782662;
0.229215, 1.817786;
0.198029, 1.850987;
0.168846, 1.882166;
0.141755, 1.911232;
0.116838, 1.938100;
0.094171, 1.962693;
0.073822, 1.984941;
0.055852, 2.004783;
0.040313, 2.022162;
0.027253, 2.037031;
0.016709, 2.049349;
0.008715, 2.059081;
0.003294, 2.066201;
0.000464, 2.070690;
0.000235, 2.072534;
0.002612, 2.071729;
0.007590, 2.068276;
0.015160, 2.062183;
0.025303, 2.053467;
0.037996, 2.042148;
0.053208, 2.028258;
0.070901, 2.011832;
0.091029, 1.992914;
0.113542, 1.971556;
0.138380, 1.947814;
0.165478, 1.921755;
0.194763, 1.893449;
0.226157, 1.862977;
0.259574, 1.830425;
0.294920, 1.795886;
0.332097, 1.759462;
0.370997, 1.721259;
0.411508, 1.681394;
0.453511, 1.639988;
0.496879, 1.597169;
0.541481, 1.553073;
0.587178, 1.507841;
0.633827, 1.461621;
0.681277, 1.414567;
0.729374, 1.366838;
0.777958, 1.318600;
0.826865, 1.270020;
0.875927, 1.221273;
0.924972, 1.172536;
0.973824, 1.123989;
1.022307, 1.075816;
1.070242, 1.028202;
1.117449, 0.981332;
1.163747, 0.935392;
1.208956, 0.890568;
1.252898, 0.847045;
1.295397, 0.805003;
1.336280, 0.764621;
1.375376, 0.726073;
1.412523, 0.689529;
1.447561, 0.655150;
1.480339, 0.623091;
1.510713, 0.593502;
1.538548, 0.566518;
1.563718, 0.542268;
1.586108, 0.520870;
1.605614, 0.502429;
1.622145, 0.487038;
1.635619, 0.474776;
1.645972, 0.465711;
1.653150, 0.459894;
1.657116, 0.457362;
1.657844, 0.458139;
1.655327, 0.462232;
1.649569, 0.469633;
1.640591, 0.480319;
1.628428, 0.494252;
1.613131, 0.511380;
1.594763, 0.531634;
1.573402, 0.554934;
1.549140, 0.581185;
1.522081, 0.610278;
1.492343, 0.642093;
1.460052, 0.676499;
1.425347, 0.713354;
1.388378, 0.752505;
1.349301, 0.793791;
1.308281, 0.837045;
1.265490, 0.882090;
1.221107, 0.928746;
1.175314, 0.976826;
1.128298, 1.026141;
1.080250, 1.076498;
1.031360, 1.127703;
0.981821, 1.179562;
0.931826, 1.231878;
0.881567, 1.284459;
0.831234, 1.337112;
0.781014, 1.389648;
0.731093, 1.441881;
0.681651, 1.493627;
0.632864, 1.544711;
0.584903, 1.594958;
0.537934, 1.644203;
0.492118, 1.692284;
0.447605, 1.739047;
0.404545, 1.784344;
0.363075, 1.828035;
0.323329, 1.869986;
0.285432, 1.910070;
0.249499, 1.948170;
0.215643, 1.984174;
0.183963, 2.017979;
0.154556, 2.049489;
0.127506, 2.078616;
0.102892, 2.105281;
0.080787, 2.129410;
0.061251, 2.150939;
0.044342, 2.169810;
0.030107, 2.185973;
0.018586, 2.199387;
0.009812, 2.210016;
0.003811, 2.217832;
0.000601, 2.222816;
0.000193, 2.224954;
0.002590, 2.224240;
0.007789, 2.220676;
0.015779, 2.214271;
0.026542, 2.205040;
0.040054, 2.193006;
0.056283, 2.178200;
0.075189, 2.160658;
0.096727, 2.140427;
0.120843, 2.117557;
0.147476, 2.092109;
0.176560, 2.064149;
0.208019, 2.033752;
0.241771, 2.001000;
0.277728, 1.965981;
0.315793, 1.928795;
0.355862, 1.889544;
0.397825, 1.848342;
0.441563, 1.805309;
0.486952, 1.760571;
0.533859, 1.714265;
0.582145, 1.666532;
0.631666, 1.617521;
0.682268, 1.567389;
0.733793, 1.516300;
0.786076, 1.464422;
0.838947, 1.411931;
0.892231, 1.359008;
0.945748, 1.305840;
0.999312, 1.252616;
1.052735, 1.199532;
1.105826, 1.146786;
1.158390, 1.094577;
1.210232, 1.043109;
1.261155, 0.992585;
1.310962, 0.943207;
1.359457, 0.895177;
1.406447, 0.848696;
1.451740, 0.803960;
1.495148, 0.761163;
1.536489, 0.720491;
1.575586, 0.682128;
1.612270, 0.646245;
1.646378, 0.613009;
1.677758, 0.582575;
1.706267, 0.555089;
1.731774, 0.530684;
1.754160, 0.509481;
1.773318, 0.491587;
1.789155, 0.477095;
1.801593, 0.466085;
1.810568, 0.458618;
1.816033, 0.454740;
1.817955, 0.454483;
1.816319, 0.457860;
1.811127, 0.464867;
1.802394, 0.475484;
1.790156, 0.489673;
1.774462, 0.507381;
1.755379, 0.528538;
1.732989, 0.553058;
1.707387, 0.580841;
1.678687, 0.611770;
1.647012, 0.645717;
1.612501, 0.682540;
1.575303, 0.722084;
1.535579, 0.764184;
1.493500, 0.808667;
1.449246, 0.855348;
1.403003, 0.904036;
1.354967, 0.954534;
1.305337, 1.006639;
1.254316, 1.060143;
1.202112, 1.114836;
1.148935, 1.170507;
1.094994, 1.226942;
1.040501, 1.283929;
0.985664, 1.341256;
0.930691, 1.398714;
0.875788, 1.456095;
0.821155, 1.513198;
0.766989, 1.569823;
0.713482, 1.625779;
0.660821, 1.680876;
0.609185, 1.734934;
0.558749, 1.787779;
0.509678, 1.839243;
0.462132, 1.889166;
0.416262, 1.937395;
0.372212, 1.983787;
0.330116, 2.028204;
0.290103, 2.070519;
0.252291, 2.110612;
0.216791, 2.148371;
0.183704, 2.183692;
0.153125, 2.216480;
0.125140, 2.246649;
0.099825, 2.274120;
0.077250, 2.298821;
0.057475, 2.320689;
0.040555, 2.339670;
0.026535, 2.355717;
0.015451, 2.368790;
0.007334, 2.378856;
0.002207, 2.385891;
0.000084, 2.389878;
0.000972, 2.390808;
0.004871, 2.388678;
0.011775, 2.383493;
0.021669, 2.375265;
0.034531, 2.364014;
0.050333, 2.349766;
0.069037, 2.332557;
0.090601, 2.312427;
0.114974, 2.289427;
0.142098, 2.263612;
0.171908, 2.235047;
0.204330, 2.203805;
0.239285, 2.169965;
0.276684, 2.133616;
0.316432, 2.094853;
0.358426, 2.053781;
0.402555, 2.010511;
0.448701, 1.965163;
0.496737, 1.917867;
0.546530, 1.868759;
0.597938, 1.817983;
0.650812, 1.765692;
0.704996, 1.712048;
0.760326, 1.657217;
0.816631, 1.601376;
0.873735, 1.544707;
0.931453, 1.487400;
0.989596, 1.429651;
1.047969, 1.371662;
1.106372, 1.313638;
1.164599, 1.255792;
1.222444, 1.198339;
1.279694, 1.141497;
1.336137, 1.085486;
1.391558, 1.030528;
1.445742, 0.976844;
1.498476, 0.924655;
1.549547, 0.874180;
1.598746, 0.825634;
1.645866, 0.779229;
1.690709, 0.735169;
1.733081, 0.693653;
1.772795, 0.654872;
1.809673, 0.619006;
1.843550, 0.586226;
1.874269, 0.556691;
1.901685, 0.530545;
1.925669, 0.507921;
1.946105, 0.488935;
1.962892, 0.473687;
1.975944, 0.462263;
1.985194, 0.454728;
1.990592, 0.451131;
1.992104, 0.451504;
1.989716, 0.455856;
1.983432, 0.464183;
1.973273, 0.476457;
1.959280, 0.492635;
1.941511, 0.512654;
1.920043, 0.536433;
1.894969, 0.563874;
1.866399, 0.594862;
1.834459, 0.629266;
1.799289, 0.666942;
1.761045, 0.707729;
1.719893, 0.751455;
1.676015, 0.797936;
1.629599, 0.846977;
1.580846, 0.898374;
1.529964, 0.951915;
1.477166, 1.007383;
1.422674, 1.064552;
1.366711, 1.123196;
1.309506, 1.183083;
1.251288, 1.243982;
1.192285, 1.305661;
1.132729, 1.367887;
1.072847, 1.430430;
1.012863, 1.493065;
0.952999, 1.555568;
0.893473, 1.617720;
0.834496, 1.679308;
0.776274, 1.740125;
0.719007, 1.799972;
0.662886, 1.858655;
0.608096, 1.915989;
0.554815, 1.971795;
0.503210, 2.025907;
0.453441, 2.078162;
0.405659, 2.128410;
0.360006, 2.176507;
0.316616, 2.222320;
0.275612, 2.265724;
0.237109, 2.306602;
0.201215, 2.344848;
0.168026, 2.380363;
0.137630, 2.413057;
0.110107, 2.442850;
0.085530, 2.469668;
0.063959, 2.493447;
0.045451, 2.514130;
0.030052, 2.531669;
0.017799, 2.546024;
0.008725, 2.557161;
0.002851, 2.565056;
0.000194, 2.569690;
0.000761, 2.571054;
0.004552, 2.569144;
0.011561, 2.563965;
0.021773, 2.555528;
0.035168, 2.543854;
0.051715, 2.528968;
0.071380, 2.510904;
0.094118, 2.489704;
0.119879, 2.465417;
0.148605, 2.438100;
0.180230, 2.407818;
0.214679, 2.374642;
0.251874, 2.338654;
0.291723, 2.299943;
0.334130, 2.258605;
0.378991, 2.214747;
0.426192, 2.168482;
0.475613, 2.119934;
0.527122, 2.069235;
0.580584, 2.016524;
0.635851, 1.961952;
0.692769, 1.905677;
0.751176, 1.847866;
0.810901, 1.788693;
0.871765, 1.728344;
0.933583, 1.667011;
0.996160, 1.604892;
1.059296, 1.542196;
1.122784, 1.479136;
1.186410, 1.415934;
1.249956, 1.352815;
1.313199, 1.290010;
1.375910, 1.227755;
1.437859, 1.166288;
1.498814, 1.105850;
1.558540, 1.046683;
1.616803, 0.989027;
1.673369, 0.933124;
1.728008, 0.879212;
1.780491, 0.827523;
1.830597, 0.778287;
1.878108, 0.731726;
1.922816, 0.688054;
1.964519, 0.647474;
2.003029, 0.610180;
2.038167, 0.576353;
2.069767, 0.546161;
2.097678, 0.519755;
2.121764, 0.497273;
2.141905, 0.478834;
2.157999, 0.464540;
2.169963, 0.454471;
2.177730, 0.448692;
2.181256, 0.447245;
2.180516, 0.450152;
2.175504, 0.457414;
2.166235, 0.469011;
2.152746, 0.484903;
2.135093, 0.505028;
2.113352, 0.529305;
2.087618, 0.557634;
2.058006, 0.589894;
2.024646, 0.625948;
1.987690, 0.665642;
1.947300, 0.708805;
1.903658, 0.755252;
1.856956, 0.804785;
1.807399, 0.857193;
1.755203, 0.912256;
1.700594, 0.969744;
1.643805, 1.029419;
1.585075, 1.091037;
1.524649, 1.154352;
1.462775, 1.219110;
1.399704, 1.285060;
1.335685, 1.351947;
1.270971, 1.419518;
1.205808, 1.487524;
1.140444, 1.555715;
1.075119, 1.623850;
1.010071, 1.691690;
0.945531, 1.759002;
0.881724, 1.825562;
0.818865, 1.891151;
0.757166, 1.955560;
0.696826, 2.018587;
0.638039, 2.080040;
0.580986, 2.139736;
0.525841, 2.197501;
0.472768, 2.253171;
0.421922, 2.306590;
0.373447, 2.357616;
0.327477, 2.406111;
0.284138, 2.451952;
0.243544, 2.495022;
0.205801, 2.535215;
0.171006, 2.572433;
0.139246, 2.606589;
0.110599, 2.637602;
0.085134, 2.665402;
0.062911, 2.689928;
0.043984, 2.711124;
0.028396, 2.728946;
0.016183, 2.743354;
0.007373, 2.754319;
0.001987, 2.761818;
0.000037, 2.765836;
0.001529, 2.766365;
0.006460, 2.763404;
0.014822, 2.756961;
0.026597, 2.747048;
0.041762, 2.733688;
0.060285, 2.716910;
0.082129, 2.696748;
0.107248, 2.673248;
0.135587, 2.646460;
0.167088, 2.616443;
0.201680, 2.583265;
0.239289, 2.547001;
0.279829, 2.507733;
0.323209, 2.465555;
0.369328, 2.420566;
0.418078, 2.372877;
0.469341, 2.322607;
0.522990, 2.269883;
0.578891, 2.214842;
0.636899, 2.157633;
0.696862, 2.098411;
0.758618, 2.037343;
0.821996, 1.974604;
0.886815, 1.910380;
0.952888, 1.844865;
1.020016, 1.778264;
1.087994, 1.710788;
1.156607, 1.642659;
1.225635, 1.574107;
1.294849, 1.505368;
1.364014, 1.436684;
1.432889, 1.368306;
1.501228, 1.300487;
1.568782, 1.233485;
1.635297, 1.167563;
1.700519, 1.102983;
1.764191, 1.040009;
1.826060, 0.978904;
1.885870, 0.919929;
1.943373, 0.863340;
1.998322, 0.809389;
2.050479, 0.758321;
2.099612, 0.710373;
2.145498, 0.665770;
2.187927, 0.624727;
2.226699, 0.587446;
2.261631, 0.554114;
2.292552, 0.524900;
2.319309, 0.499957;
2.341768, 0.479421;
2.359812, 0.463404;
2.373348, 0.452001;
2.382299, 0.445282;
2.386613, 0.443298;
2.386259, 0.446073;
2.381230, 0.453613;
2.371541, 0.465896;
2.357229, 0.482879;
2.338354, 0.504496;
2.314998, 0.530658;
2.287266, 0.561256;
2.255283, 0.596159;
2.219192, 0.635214;
2.179158, 0.678252;
2.135362, 0.725086;
2.088001, 0.775511;
2.037288, 0.829311;
1.983448, 0.886253;
1.926718, 0.946096;
1.867346, 1.008586;
1.805587, 1.073462;
1.741706, 1.140459;
1.675968, 1.209304;
1.608647, 1.279721;
1.540014, 1.351436;
1.470345, 1.424171;
1.399911, 1.497651;
1.328984, 1.571604;
1.257829, 1.645760;
1.186710, 1.719858;
1.115882, 1.793639;
1.045594, 1.866853;
0.976090, 1.939258;
0.907601, 2.010620;
0.840353, 2.080714;
0.774560, 2.149326;
0.710428, 2.216251;
0.648152, 2.281293;
0.587915, 2.344269;
0.529891, 2.405005;
0.474245, 2.463338;
0.421127, 2.519115;
0.370681, 2.572196;
0.323036, 2.622449;
0.278314, 2.669752;
0.236627, 2.713995;
0.198073, 2.755076;
0.162746, 2.792903;
0.130725, 2.827395;
0.102084, 2.858477;
0.076886, 2.886084;
0.055186, 2.910161;
0.037031, 2.930659;
0.022458, 2.947538;
0.011498, 2.960765;
0.004174, 2.970315;
0.000501, 2.976172;
0.000486, 2.978324;
0.004129, 2.976769;
0.011425, 2.971511;
0.022359, 2.962561;
0.036910, 2.949937;
0.055050, 2.933664;
0.076743, 2.913776;
0.101948, 2.890311;
0.130615, 2.863319;
0.162686, 2.832854;
0.198096, 2.798978;
0.236773, 2.761764;
0.278637, 2.721290;
0.323599, 2.677645;
0.371562, 2.630925;
0.422419, 2.581237;
0.476058, 2.528697;
0.532353, 2.473429;
0.591172, 2.415569;
0.652373, 2.355261;
0.715803, 2.292662;
0.781301, 2.227937;
0.848695, 2.161262;
0.917803, 2.092826;
0.988434, 2.022825;
1.060386, 1.951467;
1.133449, 1.878971;
1.207401, 1.805565;
1.282013, 1.731486;
1.357048, 1.656981;
1.432258, 1.582306;
1.507389, 1.507723;
1.582182, 1.433502;
1.656370, 1.359918;
1.729681, 1.287254;
1.801840, 1.215791;
1.872570, 1.145818;
1.941591, 1.077622;
2.008626, 1.011489;
2.073396, 0.947705;
2.135628, 0.886550;
2.195053, 0.828299;
2.251410, 0.773220;
2.304444, 0.721572;
2.353912, 0.673601;
2.399583, 0.629544;
2.441238, 0.589618;
2.478676, 0.554029;
2.511712, 0.522961;
2.540178, 0.496581;
2.563929, 0.475033;
2.582839, 0.458439;
2.596805, 0.446901;
2.605750, 0.440491;
2.609617, 0.439261;
2.608377, 0.443235;
2.602025, 0.452412;
2.590582, 0.466765;
2.574094, 0.486240;
2.552632, 0.510761;
2.526292, 0.540224;
2.495192, 0.574502;
2.459477, 0.613445;
2.419309, 0.656882;
2.374874, 0.704620;
2.326376, 0.756449;
2.274035, 0.812140;
2.218090, 0.871449;
2.158793, 0.934119;
2.096406, 0.999879;
2.031205, 1.068451;
1.963472, 1.139545;
1.893497, 1.212869;
1.821574, 1.288123;
1.748001, 1.365007;
1.673076, 1.443219;
1.597097, 1.522458;
1.520362, 1.602425;
1.443161, 1.682827;
1.365785, 1.763372;
1.288514, 1.843780;
1.211622, 1.923774;
1.135378, 2.003087;
1.060038, 2.081462;
0.985849, 2.158651;
0.913050, 2.234417;
0.841866, 2.308535;
0.772513, 2.380789;
0.705195, 2.450976;
0.640104, 2.518906;
0.577419, 2.584398;
0.517311, 2.647285;
0.459935, 2.707410;
0.405438, 2.764628;
0.353952, 2.818806;
0.305602, 2.869821;
0.260500, 2.917561;
0.218747, 2.961924;
0.180436, 3.002817;
0.145648, 3.040158;
0.114455, 3.073875;
0.086922, 3.103902;
0.063102, 3.130184;
0.043041, 3.152674;
0.026779, 3.171330;
0.014344, 3.186122;
0.005760, 3.197024;
0.001042, 3.204019;
0.000197, 3.207096;
0.003227, 3.206252;
0.010125, 3.201489;
0.020879, 3.192818;
0.035470, 3.180256;
0.053870, 3.163825;
0.076046, 3.143557;
0.101959, 3.119489;
0.131560, 3.091665;
0.164795, 3.060139;
0.201603, 3.024969;
0.241914, 2.986223;
0.285649, 2.943979;
0.332725, 2.898319;
0.383046, 2.849339;
0.436509, 2.797141;
0.493004, 2.741838;
0.552408, 2.683551;
0.614590, 2.622415;
0.679411, 2.558573;
0.746718, 2.492178;
0.816349, 2.423398;
0.888134, 2.352409;
0.961887, 2.279400;
1.037416, 2.204571;
1.114514, 2.128135;
1.192966, 2.050315;
1.272545, 1.971346;
1.353013, 1.891474;
1.434122, 1.810956;
1.515615, 1.730060;
1.597226, 1.649061;
1.678677, 1.568245;
1.759688, 1.487905;
1.839967, 1.408342;
1.919219, 1.329860;
1.997145, 1.252769;
2.073442, 1.177381;
2.147806, 1.104010;
2.219931, 1.032968;
2.289516, 0.964566;
2.356263, 0.899110;
2.419877, 0.836898;
2.480072, 0.778224;
2.536574, 0.723366;
2.589117, 0.672593;
2.637450, 0.626159;
2.681337, 0.584300;
2.720561, 0.547236;
2.754923, 0.515163;
2.784246, 0.488258;
2.808373, 0.466673;
2.827176, 0.450535;
2.840548, 0.439945;
2.848410, 0.434976;
2.850711, 0.435674;
2.847427, 0.442056;
2.838563, 0.454110;
2.824151, 0.471795;
2.804252, 0.495043;
2.778955, 0.523757;
2.748376, 0.557812;
2.712656, 0.597058;
2.671962, 0.641320;
2.626485, 0.690399;
2.576437, 0.744074;
2.522051, 0.802105;
2.463579, 0.864232;
2.401288, 0.930180;
2.335463, 0.999660;
2.266397, 1.072370;
2.194396, 1.148000;
2.119774, 1.226230;
2.042851, 1.306736;
1.963949, 1.389191;
1.883395, 1.473266;
1.801514, 1.558631;
1.718630, 1.644962;
1.635062, 1.731936;
1.551127, 1.819235;
1.467133, 1.906551;
1.383380, 1.993583;
1.300161, 2.080037;
1.217757, 2.165633;
1.136440, 2.250099;
1.056469, 2.333177;
0.978092, 2.414620;
0.901545, 2.494194;
0.827049, 2.571677;
0.754814, 2.646861;
0.685037, 2.719552;
0.617901, 2.789566;
0.553578, 2.856735;
0.492225, 2.920901;
0.433989, 2.981919;
0.379003, 3.039658;
0.327389, 3.093995;
0.279258, 3.144820;
0.234710, 3.192035;
0.193835, 3.235549;
0.156711, 3.275283;
0.123410, 3.311167;
0.093991, 3.343140;
0.068506, 3.371148;
0.047000, 3.395146;
0.029508, 3.415097;
0.016058, 3.430972;
0.006670, 3.442746;
0.001360, 3.450405;
0.000133, 3.453939;
0.002990, 3.453344;
0.009924, 3.448624;
0.020924, 3.439788;
0.035969, 3.426853;
0.055035, 3.409841;
0.078089, 3.388780;
0.105094, 3.363707;
0.136004, 3.334662;
0.170767, 3.301696;
0.209324, 3.264866;
0.251609, 3.224235;
0.297547, 3.179876;
0.347057, 3.131870;
0.400047, 3.080307;
0.456419, 3.025287;
0.516063, 2.966917;
0.578862, 2.905319;
0.644688, 2.840620;
0.713401, 2.772963;
0.784853, 2.702501;
0.858884, 2.629397;
0.935320, 2.553829;
1.013978, 2.475987;
1.094663, 2.396071;
1.177167, 2.314299;
1.261269, 2.230897;
1.346736, 2.146107;
1.433324, 2.060182;
1.520777, 1.973389;
1.608827, 1.886006;
1.697194, 1.798323;
1.785589, 1.710639;
1.873712, 1.623266;
1.961255, 1.536521;
2.047903, 1.450733;
2.133334, 1.366233;
2.217221, 1.283358;
2.299232, 1.202450;
2.379036, 1.123849;
2.456301, 1.047897;
2.530697, 0.974931;
2.601899, 0.905284;
2.669586, 0.839281;
2.733448, 0.777237;
2.793185, 0.719457;
2.848512, 0.666230;
2.899157, 0.617827;
2.944867, 0.574502;
2.985409, 0.536487;
3.020572, 0.503992;
3.050169, 0.477200;
3.074040, 0.456267;
3.092050, 0.441322;
3.104095, 0.432464;
3.110099, 0.429761;
3.110018, 0.433250;
3.103839, 0.442935;
3.091580, 0.458790;
3.073292, 0.480754;
3.049055, 0.508738;
3.018981, 0.542620;
2.983211, 0.582249;
2.941915, 0.627446;
2.895289, 0.678003;
2.843556, 0.733691;
2.786962, 0.794254;
2.725774, 0.859416;
2.660277, 0.928883;
2.590775, 1.002344;
2.517587, 1.079473;
2.441042, 1.159936;
2.361481, 1.243384;
2.279249, 1.329467;
2.194701, 1.417828;
2.108189, 1.508107;
2.020070, 1.599947;
1.930696, 1.692992;
1.840418, 1.786889;
1.749579, 1.881293;
1.658517, 1.975865;
1.567561, 2.070278;
1.477028, 2.164211;
1.387228, 2.257358;
1.298454, 2.349424;
1.210991, 2.440128;
1.125108, 2.529200;
1.041060, 2.616387;
0.959089, 2.701450;
0.879421, 2.784164;
0.802270, 2.864317;
0.727835, 2.941713;
0.656298, 3.016171;
0.587831, 3.087523;
0.522589, 3.155612;
0.460718, 3.220299;
0.402347, 3.281453;
0.347595, 3.338958;
0.296569, 3.392707;
0.249365, 3.442607;
0.206067, 3.488573;
0.166751, 3.530530;
0.131482, 3.568413;
0.100316, 3.602166;
0.073302, 3.631739;
0.050478, 3.657093;
0.031878, 3.678193;
0.017525, 3.695013;
0.007439, 3.707534;
0.001631, 3.715740;
0.000106, 3.719626;
0.002862, 3.719187;
0.009894, 3.714430;
0.021189, 3.705362;
0.036728, 3.691999;
0.056487, 3.674362;
0.080435, 3.652479;
0.108538, 3.626380;
0.140753, 3.596107;
0.177030, 3.561704;
0.217316, 3.523224;
0.261547, 3.480726;
0.309654, 3.434279;
0.361560, 3.383958;
0.417179, 3.329847;
0.476418, 3.272041;
0.539172, 3.210643;
0.605329, 3.145767;
0.674765, 3.077537;
0.747347, 3.006090;
0.822929, 2.931575;
0.901354, 2.854153;
0.982454, 2.773997;
1.066045, 2.691295;
1.151934, 2.606250;
1.239913, 2.519075;
1.329758, 2.430003;
1.421236, 2.339276;
1.514096, 2.247154;
1.608075, 2.153910;
1.702898, 2.059832;
1.798275, 1.965220;
1.893903, 1.870387;
1.989468, 1.775659;
2.084647, 1.681374;
2.179103, 1.587877;
2.272493, 1.495524;
2.364466, 1.404678;
2.454666, 1.315706;
2.542730, 1.228978;
2.628298, 1.144868;
2.711006, 1.063745;
2.790494, 0.985979;
2.866407, 0.911929;
2.938397, 0.841951;
3.006125, 0.776386;
3.069268, 0.715563;
3.127514, 0.659793;
3.180570, 0.609369;
3.228165, 0.564563;
3.270050, 0.525620;
3.306000, 0.492762;
3.335818, 0.466181;
3.359338, 0.446037;
3.376423, 0.432460;
3.386969, 0.425547;
3.390905, 0.425358;
3.388197, 0.431919;
3.378843, 0.445222;
3.362877, 0.465221;
3.340370, 0.491837;
3.311424, 0.524953;
3.276179, 0.564422;
3.234802, 0.610062;
3.187496, 0.661662;
3.134490, 0.718981;
3.076041, 0.781752;
3.012431, 0.849683;
2.943965, 0.922459;
2.870967, 0.999750;
2.793778, 1.081204;
2.712755, 1.166458;
2.628264, 1.255138;
2.540683, 1.346862;
2.450394, 1.441242;
2.357783, 1.537887;
2.263238, 1.636406;
2.167144, 1.736410;
2.069883, 1.837516;
1.971831, 1.939345;
1.873358, 2.041527;
1.774821, 2.143704;
1.676570, 2.245526;
1.578940, 2.346659;
1.482254, 2.446782;
1.386820, 2.545587;
1.292931, 2.642782;
1.200866, 2.738092;
1.110888, 2.831258;
1.023241, 2.922035;
0.938156, 3.010196;
0.855848, 3.095531;
0.776514, 3.177843;
0.700339, 3.256952;
0.627489, 3.332693;
0.558120, 3.404915;
0.492369, 3.473482;
0.430365, 3.538269;
0.372219, 3.599165;
0.318035, 3.656071;
0.267901, 3.708898;
0.221897, 3.757568;
0.180093, 3.802012;
0.142549, 3.842172;
0.109315, 3.877997;
0.080435, 3.909443;
0.055944, 3.936475;
0.035869, 3.959064;
0.020232, 3.977187;
0.009049, 3.990827;
0.002328, 3.999973;
0.000073, 4.004620;
0.002282, 4.004765;
0.008948, 4.000414;
0.020059, 3.991576;
0.035598, 3.978263;
0.055543, 3.960495;
0.079866, 3.938296;
0.108536, 3.911695;
0.141513, 3.880725;
0.178755, 3.845428;
0.220212, 3.805850;
0.265828, 3.762043;
0.315540, 3.714070;
0.369279, 3.661996;
0.426967, 3.605900;
0.488517, 3.545865;
0.553835, 3.481987;
0.622816, 3.414371;
0.695346, 3.343133;
0.771299, 3.268400;
0.850538, 3.190312;
0.932914, 3.109023;
1.018266, 3.024699;
1.106417, 2.937521;
1.197178, 2.847685;
1.290347, 2.755402;
1.385704, 2.660899;
1.483017, 2.564419;
1.582036, 2.466220;
1.682496, 2.366579;
1.784118, 2.265785;
1.886606, 2.164147;
1.989650, 2.061987;
2.092926, 1.959642;
2.196096, 1.857462;
2.298808, 1.755811;
2.400700, 1.655066;
2.501398, 1.555609;
2.600522, 1.457836;
2.697683, 1.362145;
2.792488, 1.268940;
2.884540, 1.178627;
2.973445, 1.091609;
3.058808, 1.008289;
3.140240, 0.929060;
3.217362, 0.854307;
3.289803, 0.784405;
3.357208, 0.719710;
3.419237, 0.660562;
3.475574, 0.607279;
3.525920, 0.560153;
3.570006, 0.519452;
3.607590, 0.485411;
3.638461, 0.458237;
3.662440, 0.438098;
3.679385, 0.425130;
3.689188, 0.419429;
3.691779, 0.421055;
3.687130, 0.430025;
3.675247, 0.446321;
3.656180, 0.469881;
3.630013, 0.500606;
3.596873, 0.538360;
3.556921, 0.582968;
3.510354, 0.634220;
3.457404, 0.691872;
3.398333, 0.755651;
3.333433, 0.825253;
3.263022, 0.900349;
3.187443, 0.980586;
3.107059, 1.065593;
3.022250, 1.154980;
2.933412, 1.248345;
2.840950, 1.345274;
2.745279, 1.445347;
2.646819, 1.548138;
2.545992, 1.653223;
2.443218, 1.760174;
2.338917, 1.868573;
2.233499, 1.978005;
2.127369, 2.088064;
2.020922, 2.198356;
1.914539, 2.308498;
1.808590, 2.418122;
1.703430, 2.526874;
1.599396, 2.634419;
1.496811, 2.740435;
1.395980, 2.844621;
1.297190, 2.946693;
1.200711, 3.046383;
1.106794, 3.143445;
1.015673, 3.237648;
0.927564, 3.328780;
0.842666, 3.416646;
0.761161, 3.501066;
0.683215, 3.581881;
0.608980, 3.658941;
0.538590, 3.732115;
0.472169, 3.801285;
0.409823, 3.866345;
0.351651, 3.927201;
0.297735, 3.983773;
0.248150, 4.035987;
0.202959, 4.083784;
0.162217, 4.127108;
0.125970, 4.165916;
0.094255, 4.200171;
0.067103, 4.229841;
0.044539, 4.254903;
0.026579, 4.275337;
0.013237, 4.291130;
0.004519, 4.302273;
0.000428, 4.308762;
0.000961, 4.310597;
0.006112, 4.307781;
0.015870, 4.300322;
0.030221, 4.288232;
0.049144, 4.271525;
0.072618, 4.250223;
0.100614, 4.224348;
0.133102, 4.193928;
0.170044, 4.158996;
0.211399, 4.119591;
0.257121, 4.075755;
0.307156, 4.027540;
0.361444, 3.975002;
0.419921, 3.918205;
0.482512, 3.857221;
0.549135, 3.792133;
0.619700, 3.723030;
0.694104, 3.650015;
0.772237, 3.573201;
0.853977, 3.492712;
0.939188, 3.408687;
1.027722, 3.321278;
1.119420, 3.230651;
1.214104, 3.136989;
1.311584, 3.040490;
1.411652, 2.941369;
1.514087, 2.839858;
1.618647, 2.736208;
1.725076, 2.630687;
1.833099, 2.523580;
1.942424, 2.415193;
2.052740, 2.305848;
2.163722, 2.195885;
2.275026, 2.085660;
2.386291, 1.975547;
2.497145, 1.865935;
2.607197, 1.757223;
2.716047, 1.649828;
2.823284, 1.544172;
2.928487, 1.440687;
3.031228, 1.339812;
3.131077, 1.241987;
3.227601, 1.147654;
3.320367, 1.057251;
3.408950, 0.971210;
3.492931, 0.889957;
3.571900, 0.813901;
3.645464, 0.743437;
3.713247, 0.678941;
3.774895, 0.620764;
3.830078, 0.569234;
3.878493, 0.524647;
3.919870, 0.487267;
3.953972, 0.457322;
3.980597, 0.435005;
3.999585, 0.420467;
4.010812, 0.413818;
4.014199, 0.415125;
4.009709, 0.424412;
3.997349, 0.441659;
3.977170, 0.466801;
3.949265, 0.499731;
3.913769, 0.540297;
3.870862, 0.588309;
3.820759, 0.643535;
3.763715, 0.705708;
3.700019, 0.774525;
3.629993, 0.849653;
3.553988, 0.930728;
3.472381, 1.017364;
3.385570, 1.109151;
3.293973, 1.205661;
3.198025, 1.306454;
3.098170, 1.411075;
2.994861, 1.519066;
2.888558, 1.629963;
2.779719, 1.743301;
2.668803, 1.858618;
2.556262, 1.975460;
2.442543, 2.093377;
2.328082, 2.211933;
2.213303, 2.330704;
2.098616, 2.449279;
1.984414, 2.567265;
1.871077, 2.684287;
1.758963, 2.799988;
1.648412, 2.914029;
1.539746, 3.026094;
1.433266, 3.135885;
1.329252, 3.243125;
1.227966, 3.347557;
1.129648, 3.448946;
1.034521, 3.547074;
0.942787, 3.641742;
0.854631, 3.732772;
0.770220, 3.820002;
0.689704, 3.903285;
0.613219, 3.982491;
0.540883, 4.057507;
0.472803, 4.128230;
0.409070, 4.194572;
0.349766, 4.256455;
0.294960, 4.313815;
0.244710, 4.366595;
0.199066, 4.414747;
0.158070, 4.458233;
0.121756, 4.497020;
0.090149, 4.531083;
0.063271, 4.560401;
0.041135, 4.584960;
0.023753, 4.604750;
0.011129, 4.619763;
0.003264, 4.629998;
0.000157, 4.635455;
0.001800, 4.636137;
0.008186, 4.632051;
0.019302, 4.623204;
0.035134, 4.609610;
0.055662, 4.591283;
0.080867, 4.568238;
0.110724, 4.540498;
0.145205, 4.508085;
0.184280, 4.471028;
0.227913, 4.429357;
0.276063, 4.383111;
0.328686, 4.332329;
0.385732, 4.277062;
0.447142, 4.217363;
0.512853, 4.153295;
0.582794, 4.084930;
0.656882, 4.012347;
0.735029, 3.935638;
0.817134, 3.854903;
0.903085, 3.770259;
0.992758, 3.681832;
1.086015, 3.589764;
1.182705, 3.494212;
1.282661, 3.395351;
1.385699, 3.293369;
1.491621, 3.188477;
1.600208, 3.080901;
1.711224, 2.970887;
1.824415, 2.858703;
1.939506, 2.744635;
2.056202, 2.628989;
2.174190, 2.512095;
2.293136, 2.394298;
2.412685, 2.275968;
2.532467, 2.157490;
2.652090, 2.039270;
2.771146, 1.921729;
2.889213, 1.805304;
3.005853, 1.690446;
3.120616, 1.577617;
3.233042, 1.467286;
3.342666, 1.359933;
3.449015, 1.256035;
3.551617, 1.156075;
3.650001, 1.060529;
3.743701, 0.969866;
3.832262, 0.884545;
3.915241, 0.805011;
3.992210, 0.731688;
4.062766, 0.664979;
4.126527, 0.605261;
4.183142, 0.552879;
4.232290, 0.508144;
4.273688, 0.471333;
4.307090, 0.442679;
4.332292, 0.422375;
4.349134, 0.410568;
4.357502, 0.407357;
4.357330, 0.412796;
4.348598, 0.426887;
4.331336, 0.449584;
4.305623, 0.480794;
4.271584, 0.520375;
4.229394, 0.568137;
4.179270, 0.623847;
4.121471, 0.687230;
4.056300, 0.757971;
3.984093, 0.835718;
3.905221, 0.920087;
3.820087, 1.010664;
3.729117, 1.107010;
3.632762, 1.208665;
3.531490, 1.315151;
3.425783, 1.425978;
3.316132, 1.540647;
3.203037, 1.658652;
3.086998, 1.779489;
2.968513, 1.902653;
2.848078, 2.027647;
2.726178, 2.153982;
2.603290, 2.281182;
2.479875, 2.408783;
2.356381, 2.536338;
2.233238, 2.663419;
2.110856, 2.789617;
1.989625, 2.914545;
1.869914, 3.037837;
1.752071, 3.159148;
1.636420, 3.278159;
1.523264, 3.394572;
1.412884, 3.508112;
1.305535, 3.618527;
1.201456, 3.725585;
1.100862, 3.829079;
1.003946, 3.928818;
0.910884, 4.024634;
0.821833, 4.116376;
0.736933, 4.203911;
0.656306, 4.287122;
0.580060, 4.365906;
0.508289, 4.440177;
0.441071, 4.509858;
0.378477, 4.574887;
0.320562, 4.635211;
0.267374, 4.690786;
0.218952, 4.741576;
0.175327, 4.787555;
0.136522, 4.828701;
0.102554, 4.864998;
0.073436, 4.896437;
0.049174, 4.923009;
0.029773, 4.944711;
0.015232, 4.961544;
0.005548, 4.973510;
0.000716, 4.980611;
0.000727, 4.982856;
0.005572, 4.980250;
0.015238, 4.972802;
0.029714, 4.960523;
0.048983, 4.943424;
0.073029, 4.921518;
0.101834, 4.894820;
0.135377, 4.863345;
0.173634, 4.827114;
0.216581, 4.786148;
0.264188, 4.740472;
0.316423, 4.690116;
0.373248, 4.635114;
0.434621, 4.575504;
0.500495, 4.511333;
0.570814, 4.442654;
0.645517, 4.369529;
0.724534, 4.292027;
0.807783, 4.210231;
0.895175, 4.124231;
0.986607, 4.034134;
1.081964, 3.940059;
1.181117, 3.842139;
1.283923, 3.740524;
1.390221, 3.635382;
1.499833, 3.526898;
1.612564, 3.415278;
1.728199, 3.300746;
1.846502, 3.183550;
1.967218, 3.063958;
2.090068, 2.942262;
2.214751, 2.818774;
2.340946, 2.693832;
2.468308, 2.567795;
2.596468, 2.441047;
2.725037, 2.313992;
2.853604, 2.187055;
2.981739, 2.060681;
3.108992, 1.935336;
3.234895, 1.811499;
3.358966, 1.689665;
3.480710, 1.570342;
3.599621, 1.454044;
3.715188, 1.341292;
3.826894, 1.232610;
3.934224, 1.128519;
4.036666, 1.029535;
4.133715, 0.936162;
4.224882, 0.848894;
4.309690, 0.768201;
4.387688, 0.694533;
4.458448, 0.628311;
4.521572, 0.569925;
4.576700, 0.519728;
4.623506, 0.478033;
4.661708, 0.445110;
4.691069, 0.421182;
4.711402, 0.406421;
4.722568, 0.400951;
4.724481, 0.404841;
4.717109, 0.418106;
4.700474, 0.440706;
4.674651, 0.472549;
4.639771, 0.513486;
4.596014, 0.563320;
4.543613, 0.621801;
4.482846, 0.688635;
4.414037, 0.763480;
4.337553, 0.845956;
4.253796, 0.935646;
4.163203, 1.032100;
4.066240, 1.134839;
3.963398, 1.243362;
3.855186, 1.357148;
3.742131, 1.475663;
3.624770, 1.598361;
3.503644, 1.724693;
3.379299, 1.854108;
3.252277, 1.986060;
3.123115, 2.120008;
2.992340, 2.255423;
2.860467, 2.391788;
2.727994, 2.528604;
2.595402, 2.665391;
2.463154, 2.801687;
2.331687, 2.937056;
2.201420, 3.071085;
2.072743, 3.203384;
1.946025, 3.333591;
1.821608, 3.461367;
1.699810, 3.586400;
1.580922, 3.708405;
1.465213, 3.827120;
1.352926, 3.942308;
1.244281, 4.053756;
1.139477, 4.161273;
1.038690, 4.264689;
0.942077, 4.363855;
0.849774, 4.458642;
0.761902, 4.548936;
0.678564, 4.634643;
0.599848, 4.715680;
0.525828, 4.791980;
0.456565, 4.863489;
0.392110, 4.930161;
0.332502, 4.991963;
0.277772, 5.048868;
0.227944, 5.100858;
0.183033, 5.147920;
0.143049, 5.190049;
0.107997, 5.227241;
0.077879, 5.259497;
0.052691, 5.286822;
0.032429, 5.309221;
0.017084, 5.326702;
0.006649, 5.339274;
0.001112, 5.346945;
0.000462, 5.349725;
0.004688, 5.347624;
0.013777, 5.340650;
0.027717, 5.328815;
0.046495, 5.312125;
0.070099, 5.290592;
0.098515, 5.264224;
0.131729, 5.233030;
0.169727, 5.197023;
0.212491, 5.156213;
0.260005, 5.110616;
0.312248, 5.060247;
0.369196, 5.005126;
0.430822, 4.945277;
0.497096, 4.880730;
0.567980, 4.811519;
0.643432, 4.737685;
0.723401, 4.659280;
0.807829, 4.576361;
0.896646, 4.488998;
0.989775, 4.397274;
1.087124, 4.301282;
1.188588, 4.201132;
1.294049, 4.096947;
1.403372, 3.988870;
1.516404, 3.877061;
1.632975, 3.761701;
1.752893, 3.642989;
1.875947, 3.521149;
2.001902, 3.396429;
2.130501, 3.269097;
2.261463, 3.139449;
2.394481, 3.007807;
2.529224, 2.874517;
2.665334, 2.739951;
2.802430, 2.604507;
2.940103, 2.468609;
3.077921, 2.332704;
3.215427, 2.197264;
3.352144, 2.062781;
3.487572, 1.929768;
3.621194, 1.798754;
3.752477, 1.670284;
3.880874, 1.544914;
4.005830, 1.423209;
4.126782, 1.305736;
4.243166, 1.193065;
4.354422, 1.085758;
4.459994, 0.984372;
4.559341, 0.889447;
4.651938, 0.801504;
4.737282, 0.721041;
4.814896, 0.648527;
4.884338, 0.584394;
4.945200, 0.529039;
4.997119, 0.482814;
5.039775, 0.446022;
5.072898, 0.418918;
5.096274, 0.401700;
5.109741, 0.394511;
5.113198, 0.397436;
5.106601, 0.410497;
5.089967, 0.433659;
5.063374, 0.466826;
5.026958, 0.509841;
4.980915, 0.562491;
4.925494, 0.624507;
4.860999, 0.695567;
4.787783, 0.775302;
4.706247, 0.863295;
4.616829, 0.959091;
4.520009, 1.062198;
4.416296, 1.172092;
4.306227, 1.288226;
4.190358, 1.410030;
4.069264, 1.536921;
3.943531, 1.668305;
3.813750, 1.803583;
3.680512, 1.942158;
3.544406, 2.083434;
3.406015, 2.226828;
3.265906, 2.371766;
3.124635, 2.517693;
2.982737, 2.664072;
2.840729, 2.810387;
2.699103, 2.956148;
2.558325, 3.100890;
2.418838, 3.244174;
2.281055, 3.385590;
2.145362, 3.524757;
2.012118, 3.661323;
1.881651, 3.794964;
1.754264, 3.925385;
1.630232, 4.052318;
1.509801, 4.175524;
1.393196, 4.294788;
1.280612, 4.409921;
1.172226, 4.520756;
1.068189, 4.627149;
0.968634, 4.728978;
0.873674, 4.826138;
0.783404, 4.918542;
0.697904, 5.006119;
0.617238, 5.088814;
0.541457, 5.166581;
0.470602, 5.239390;
0.404701, 5.307218;
0.343774, 5.370052;
0.287834, 5.427885;
0.236885, 5.480719;
0.190927, 5.528558;
0.149956, 5.571410;
0.113962, 5.609290;
0.082934, 5.642209;
0.056859, 5.670185;
0.035721, 5.693234;
0.019505, 5.711371;
0.008195, 5.724612;
0.001776, 5.732974;
0.000232, 5.736468;
0.003549, 5.735108;
0.011714, 5.728904;
0.024716, 5.717865;
0.042544, 5.701998;
0.065189, 5.681308;
0.092643, 5.655800;
0.124899, 5.625477;
0.161949, 5.590341;
0.203789, 5.550395;
0.250411, 5.505639;
0.301809, 5.456078;
0.357974, 5.401716;
0.418896, 5.342560;
0.484561, 5.278620;
0.554953, 5.209912;
0.630050, 5.136455;
0.709824, 5.058275;
0.794242, 4.975407;
0.883261, 4.887894;
0.976829, 4.795789;
1.074884, 4.699158;
1.177352, 4.598079;
1.284143, 4.492645;
1.395155, 4.382966;
1.510268, 4.269170;
1.629344, 4.151403;
1.752224, 4.029833;
1.878729, 3.904649;
2.008658, 3.776067;
2.141784, 3.644324;
2.277856, 3.509686;
2.416596, 3.372446;
2.557698, 3.232922;
2.700829, 3.091466;
2.845628, 2.948455;
2.991701, 2.804296;
3.138631, 2.659424;
3.285967, 2.514305;
3.433234, 2.369428;
3.579930, 2.225312;
3.725528, 2.082495;
3.869477, 1.941541;
4.011209, 1.803030;
4.150136, 1.667557;
4.285658, 1.535731;
4.417166, 1.408167;
4.544045, 1.285483;
4.665681, 1.168295;
4.781463, 1.057214;
4.890792, 0.952836;
4.993083, 0.855740;
5.087775, 0.766482;
5.174333, 0.685588;
5.252256, 0.613547;
5.321079, 0.550810;
5.380386, 0.497780;
5.429807, 0.454811;
5.469025, 0.422202;
5.497783, 0.400193;
5.515883, 0.388960;
5.523192, 0.388618;
5.519641, 0.399214;
5.505230, 0.420729;
5.480023, 0.453077;
5.444152, 0.496105;
5.397813, 0.549598;
5.341266, 0.613276;
5.274828, 0.686801;
5.198875, 0.769782;
5.113833, 0.861773;
5.020174, 0.962287;
4.918413, 1.070792;
4.809101, 1.186725;
4.692819, 1.309490;
4.570170, 1.438472;
4.441780, 1.573036;
4.308283, 1.712537;
4.170322, 1.856324;
4.028540, 2.003748;
3.883576, 2.154162;
3.736062, 2.306931;
3.586614, 2.461435;
3.435833, 2.617070;
3.284299, 2.773257;
3.132567, 2.929439;
2.981168, 3.085086;
2.830603, 3.239700;
2.681346, 3.392810;
2.533837, 3.543980;
2.388487, 3.692802;
2.245676, 3.838905;
2.105750, 3.981948;
1.969027, 4.121621;
1.835791, 4.257646;
1.706300, 4.389775;
1.580782, 4.517789;
1.459438, 4.641497;
1.342444, 4.760732;
1.229950, 4.875353;
1.122087, 4.985242;
1.018962, 5.090301;
0.920664, 5.190450;
0.827265, 5.285628;
0.738820, 5.375790;
0.655372, 5.460903;
0.576949, 5.540949;
0.503568, 5.615918;
0.435239, 5.685810;
0.371961, 5.750633;
0.313728, 5.810402;
0.260526, 5.865136;
0.212339, 5.914857;
0.169146, 5.959592;
0.130924, 5.999368;
0.097648, 6.034214;
0.069294, 6.064158;
0.045834, 6.089228;
0.027246, 6.109451;
0.013504, 6.124849;
0.004587, 6.135447;
0.000474, 6.141264;
0.001148, 6.142315;
0.006594, 6.138614;
0.016798, 6.130171;
0.031752, 6.116994;
0.051448, 6.099085;
0.075882, 6.076444;
0.105054, 6.049070;
0.138963, 6.016956;
0.177613, 5.980097;
0.221009, 5.938482;
0.269157, 5.892101;
0.322063, 5.840944;
0.379733, 5.785001;
0.442175, 5.724262;
0.509392, 5.658719;
0.581387, 5.588369;
0.658157, 5.513212;
0.739697, 5.433251;
0.825996, 5.348500;
0.917033, 5.258978;
1.012783, 5.164714;
1.113207, 5.065747;
1.218258, 4.962132;
1.327873, 4.853933;
1.441978, 4.741234;
1.560478, 4.624135;
1.683263, 4.502755;
1.810203, 4.377235;
1.941145, 4.247737;
2.075914, 4.114451;
2.214307, 3.977589;
2.356099, 3.837393;
2.501032, 3.694134;
2.648822, 3.548112;
2.799153, 3.399659;
2.951675, 3.249139;
3.106011, 3.096947;
3.261746, 2.943513;
3.418435, 2.789298;
3.575602, 2.634794;
3.732736, 2.480524;
3.889300, 2.327043;
4.044725, 2.174928;
4.198418, 2.024784;
4.349763, 1.877238;
4.498124, 1.732932;
4.642849, 1.592525;
4.783274, 1.456684;
4.918730, 1.326080;
5.048546, 1.201383;
5.172057, 1.083256;
5.288607, 0.972349;
5.397559, 0.869292;
5.498299, 0.774689;
5.590244, 0.689113;
5.672847, 0.613095;
5.745605, 0.547125;
5.808064, 0.491639;
5.859825, 0.447019;
5.900548, 0.413583;
5.929959, 0.391587;
5.947850, 0.381217;
5.954086, 0.382587;
5.948604, 0.395737;
5.931413, 0.420636;
5.902599, 0.457177;
5.862320, 0.505180;
5.810805, 0.564395;
5.748351, 0.634503;
5.675322, 0.715123;
5.592140, 0.805811;
5.499285, 0.906071;
5.397285, 1.015357;
5.286713, 1.133079;
5.168181, 1.258614;
5.042328, 1.391304;
4.909822, 1.530474;
4.771344, 1.675427;
4.627589, 1.825461;
4.479255, 1.979868;
4.327039, 2.137943;
4.171631, 2.298992;
4.013707, 2.462330;
3.853928, 2.627296;
3.692932, 2.793246;
3.531335, 2.959566;
3.369721, 3.125669;
3.208647, 3.291001;
3.048636, 3.455040;
2.890177, 3.617300;
2.733725, 3.777331;
2.579701, 3.934718;
2.428488, 4.089083;
2.280436, 4.240085;
2.135860, 4.387415;
1.995043, 4.530800;
1.858235, 4.669999;
1.725656, 4.804805;
1.597496, 4.935035;
1.473917, 5.060540;
1.355059, 5.181192;
1.241033, 5.296890;
1.131934, 5.407554;
1.027831, 5.513123;
0.928780, 5.613555;
0.834818, 5.708825;
0.745969, 5.798921;
0.662242, 5.883843;
0.583637, 5.963602;
0.510145, 6.038220;
0.441747, 6.107723;
0.378419, 6.172145;
0.320132, 6.231524;
0.266850, 6.285903;
0.218538, 6.335323;
0.175158, 6.379831;
0.136670, 6.419469;
0.103034, 6.454284;
0.074213, 6.484316;
0.050169, 6.509605;
0.030867, 6.530189;
0.016276, 6.546100;
0.006365, 6.557369;
0.001110, 6.564021;
0.000489, 6.566077;
0.004483, 6.563552;
0.013079, 6.556459;
0.026269, 6.544804;
0.044046, 6.528588;
0.066411, 6.507808;
0.093367, 6.482458;
0.124922, 6.452525;
0.161087, 6.417993;
0.201876, 6.378844;
0.247309, 6.335054;
0.297405, 6.286601;
0.352187, 6.233457;
0.411678, 6.175595;
0.475902, 6.112987;
0.544883, 6.045608;
0.618645, 5.973433;
0.697206, 5.896439;
0.780584, 5.814609;
0.868791, 5.727932;
0.961834, 5.636402;
1.059712, 5.540022;
1.162413, 5.438806;
1.269918, 5.332779;
1.382194, 5.221979;
1.499192, 5.106460;
1.620851, 4.986292;
1.747089, 4.861566;
1.877804, 4.732393;
2.012875, 4.598907;
2.152154, 4.461266;
2.295468, 4.319657;
2.442618, 4.174293;
2.593371, 4.025420;
2.747468, 3.873314;
2.904613, 3.718286;
3.064477, 3.560681;
3.226695, 3.400878;
3.390868, 3.239295;
3.556558, 3.076384;
3.723291, 2.912634;
3.890556, 2.748569;
4.057808, 2.584749;
4.224467, 2.421766;
4.389921, 2.260242;
4.553528, 2.100828;
4.714620, 1.944198;
4.872508, 1.791049;
5.026483, 1.642092;
5.175824, 1.498049;
5.319802, 1.359649;
5.457686, 1.227619;
5.588751, 1.102677;
5.712285, 0.985530;
5.827594, 0.876860;
5.934011, 0.777322;
6.030903, 0.687536;
6.117679, 0.608078;
6.193795, 0.539471;
6.258765, 0.482186;
6.312161, 0.436629;
6.353624, 0.403137;
6.382868, 0.381976;
6.399681, 0.373335;
6.403931, 0.377325;
6.395565, 0.393972;
6.374614, 0.423225;
6.341191, 0.464949;
6.295487, 0.518928;
6.237772, 0.584873;
6.168392, 0.662415;
6.087762, 0.751120;
5.996363, 0.850488;
5.894733, 0.959960;
5.783466, 1.078927;
5.663200, 1.206734;
5.534611, 1.342689;
5.398407, 1.486070;
5.255318, 1.636132;
5.106092, 1.792118;
4.951483, 1.953262;
4.792248, 2.118796;
4.629140, 2.287962;
4.462897, 2.460011;
4.294244, 2.634215;
4.123883, 2.809867;
3.952489, 2.986288;
3.780710, 3.162829;
3.609157, 3.338878;
3.438410, 3.513856;
3.269010, 3.687225;
3.101458, 3.858485;
2.936219, 4.027178;
2.773718, 4.192884;
2.614340, 4.355224;
2.458433, 4.513860;
2.306306, 4.668491;
2.158234, 4.818851;
2.014455, 4.964714;
1.875177, 5.105882;
1.740576, 5.242194;
1.610797, 5.373515;
1.485960, 5.499739;
1.366161, 5.620783;
1.251472, 5.736590;
1.141944, 5.847121;
1.037610, 5.952357;
0.938488, 6.052295;
0.844579, 6.146947;
0.755872, 6.236335;
0.672345, 6.320495;
0.593969, 6.399469;
0.520704, 6.473308;
0.452506, 6.542067;
0.389325, 6.605805;
0.331108, 6.664585;
0.277801, 6.718472;
0.229347, 6.767528;
0.185690, 6.811818;
0.146773, 6.851404;
0.112543, 6.886345;
0.082946, 6.916698;
0.057936, 6.942514;
0.037465, 6.963843;
0.021492, 6.980728;
0.009980, 6.993207;
0.002897, 7.001311;
0.000216, 7.005069;
0.001914, 7.004500;
0.007976, 6.999619;
0.018391, 6.990434;
0.033153, 6.976947;
0.052264, 6.959154;
0.075731, 6.937045;
0.103564, 6.910603;
0.135782, 6.879808;
0.172407, 6.844632;
0.213465, 6.805044;
0.258990, 6.761009;
0.309015, 6.712486;
0.363580, 6.659433;
0.422726, 6.601805;
0.486497, 6.539555;
0.554938, 6.472636;
0.628094, 6.401001;
0.706009, 6.324604;
0.788726, 6.243401;
0.876286, 6.157353;
0.968722, 6.066426;
1.066067, 5.970592;
1.168341, 5.869831;
1.275559, 5.764135;
1.387723, 5.653504;
1.504825, 5.537956;
1.626841, 5.417521;
1.753730, 5.292248;
1.885433, 5.162207;
2.021870, 5.027486;
2.162940, 4.888201;
2.308513, 4.744492;
2.458434, 4.596529;
2.612517, 4.444511;
2.770546, 4.288670;
2.932268, 4.129272;
3.097397, 3.966619;
3.265608, 3.801053;
3.436537, 3.632951;
3.609781, 3.462733;
3.784896, 3.290857;
3.961395, 3.117823;
4.138752, 2.944171;
4.316401, 2.770478;
4.493735, 2.597362;
4.670112, 2.425475;
4.844853, 2.255502;
5.017249, 2.088158;
5.186564, 1.924182;
5.352038, 1.764337;
5.512894, 1.609399;
5.668344, 1.460153;
5.817593, 1.317388;
5.959851, 1.181888;
6.094335, 1.054425;
6.220283, 0.935752;
6.336957, 0.826592;
6.443653, 0.727634;
6.539712, 0.639521;
6.624522, 0.562846;
6.697532, 0.498139;
6.758257, 0.445866;
6.806282, 0.406419;
6.841273, 0.380111;
6.862975, 0.367175;
6.871220, 0.367752;
6.865932, 0.381899;
6.847120, 0.409581;
6.814888, 0.450673;
6.769426, 0.504962;
6.711010, 0.572149;
6.640002, 0.651851;
6.556839, 0.743610;
6.462032, 0.846894;
6.356158, 0.961107;
6.239854, 1.085594;
6.113806, 1.219651;
5.978743, 1.362531;
5.835430, 1.513455;
5.684657, 1.671617;
5.527231, 1.836198;
5.363969, 2.006366;
5.195690, 2.181293;
5.023205, 2.360155;
4.847315, 2.542146;
4.668800, 2.726475;
4.488417, 2.912382;
4.306892, 3.099133;
4.124919, 3.286033;
3.943155, 3.472423;
3.762219, 3.657684;
3.582685, 3.841242;
3.405089, 4.022565;
3.229919, 4.201167;
3.057625, 4.376606;
2.888608, 4.548486;
2.723232, 4.716453;
2.561816, 4.880195;
2.404642, 5.039443;
2.251953, 5.193964;
2.103956, 5.343564;
1.960824, 5.488083;
1.822699, 5.627392;
1.689694, 5.761395;
1.561894, 5.890020;
1.439360, 6.013221;
1.322132, 6.130976;
1.210228, 6.243280;
1.103649, 6.350149;
1.002382, 6.451612;
0.906397, 6.547712;
0.815656, 6.638504;
0.730108, 6.724052;
0.649698, 6.804426;
0.574359, 6.879705;
0.504024, 6.949969;
0.438620, 7.015304;
0.378072, 7.075794;
0.322303, 7.131527;
0.271238, 7.182588;
0.224801, 7.229059;
0.182918, 7.271024;
0.145518, 7.308558;
0.112533, 7.341736;
0.083900, 7.370626;
0.059558, 7.395292;
0.039452, 7.415791;
0.023534, 7.432174;
0.011759, 7.444486;
0.004089, 7.452766;
0.000494, 7.457044;
0.000947, 7.457343;
0.005432, 7.453682;
0.013935, 7.446068;
